Time;Type;Volume;Symbol;Price;S/L;T/P;Time;Price;Commission;Swap;Profit;Comment
2022.04.06 18:39:18;Buy Limit;0.03;EURGBP;0.83020;0.82800;0.83600;2022.04.08 10:46:26;0.83294;;;;cancelled
2022.04.06 18:38:38;Buy;0.03;EURGBP;0.83424;0.82800;0.83600;2022.04.08 10:46:24;0.83283;;-0.80;-5.51;
2022.04.07 17:45:00;Buy Limit;0.04;AUDCAD;0.93900;0.93300;0.94900;2022.04.07 21:45:03;0.94129;;;;cancelled
2022.04.07 14:29:34;Buy Limit;0.04;AUDUSD;0.73820;0.73600;0.75600;2022.04.07 18:03:15;0.74774;;;;cancelled
2022.04.07 14:28:43;Buy Limit;0.03;AUDUSD;0.74450;0.73600;0.75600;2022.04.07 18:03:11;0.74768;;;;cancelled
2022.04.07 14:15:58;Buy Limit;0.03;GBPUSD;1.30400;1.29700;1.31600;2022.04.07 17:59:20;1.30653;;;;cancelled
2022.04.07 13:10:43;Buy Limit;0.03;EURUSD;1.08800;1.07900;1.10400;2022.04.07 17:50:50;1.09090;;;;cancelled
2022.04.06 21:09:24;Buy;0.04;AUDCAD;0.94156;0.93300;0.96900;2022.04.07 17:37:42;0.94124;;-0.32;-1.01;
2022.04.07 10:31:39;Buy;0.05;AUDCAD;0.93900;0.93300;0.96900;2022.04.07 17:37:41;0.94125;;;8.95;
2022.04.06 21:17:16;Buy;0.03;EURUSD;1.08800;1.07900;1.09650;2022.04.07 13:10:07;1.08961;;-0.31;4.83;
2022.04.06 19:03:23;Sell Limit;0.02;XAUUSD;1 942.00;1 965.00;1 895.00;2022.04.07 12:55:01;1 928.55;;;;cancelled
2022.04.06 20:32:15;Sell Limit;0.04;GBPAUD;1.75050;1.75300;1.72200;2022.04.06 21:55:08;1.74028;;;;cancelled
2022.04.06 20:31:51;Sell Limit;0.03;GBPAUD;1.74550;1.75300;1.72200;2022.04.06 21:55:06;1.74020;;;;cancelled
2022.04.05 14:06:39;Buy Limit;0.04;AUDCHF;0.69300;0.69100;0.71100;2022.04.06 21:46:13;0.70074;;;;cancelled
2022.04.06 19:02:54;Sell Limit;0.03;XAUUSD;1 955.00;1 965.00;1 895.00;2022.04.06 21:42:16;1 919.05;;;;cancelled
2022.04.06 19:17:49;Sell;0.02;XAUUSD;1 925.38;1 965.00;1 895.00;2022.04.06 21:33:17;1 923.71;;;3.34;
2022.04.06 18:29:57;Buy Limit;0.04;NZDUSD;0.67500;0.67200;0.70200;2022.04.06 21:21:06;0.69041;;;;cancelled
2022.04.06 10:58:46;Buy Limit;0.03;NZDUSD;0.68120;0.67200;0.70200;2022.04.06 21:21:02;0.69044;;;;cancelled
2022.04.06 10:57:15;Buy Limit;0.03;NZDUSD;0.68500;0.67200;0.70200;2022.04.06 21:21:00;0.69045;;;;cancelled
2022.04.06 21:17:44;Buy Limit;0.05;GBPUSD;1.30050;1.29700;1.31500;2022.04.06 21:19:51;1.30521;;;;cancelled
2022.04.06 18:10:55;Buy Limit;0.03;GBPUSD;1.30300;1.29700;1.31500;2022.04.06 21:19:47;1.30528;;;;cancelled
2022.04.06 21:14:38;Buy Limit;0.10;GBPUSD;1.30030;1.29700;1.31500;2022.04.06 21:17:16;1.30503;;;;cancelled
2022.04.04 11:50:16;Buy Limit;0.05;GBPUSD;1.30020;1.29700;1.31600;2022.04.06 21:14:10;1.30633;;;;cancelled
2022.04.06 21:05:58;Buy Limit;0.04;AUDUSD;0.74500;0.73900;0.76500;2022.04.06 21:12:08;0.75079;;;;cancelled
2022.04.06 21:03:55;Buy Limit;0.03;AUDUSD;0.74100;0.73900;0.76500;2022.04.06 21:12:06;0.75081;;;;cancelled
2022.04.06 21:05:12;Buy Limit;0.03;AUDUSD;0.74900;0.73900;0.76500;2022.04.06 21:12:03;0.75099;;;;cancelled
2022.04.06 20:43:55;Buy Limit;0.05;EURUSD;1.08800;1.08600;1.10400;2022.04.06 21:07:22;1.08956;;;;cancelled
2022.04.05 09:50:45;Buy Limit;0.04;AUDUSD;0.74100;0.73900;0.76300;2022.04.06 21:03:23;0.75552;;;;cancelled
2022.04.06 20:27:47;Buy Limit;0.04;AUDUSD;0.74450;0.73900;0.76300;2022.04.06 21:03:21;0.75567;;;;cancelled
2022.04.05 21:42:48;Buy;0.05;EURUSD;1.09050;1.08600;1.09650;2022.04.06 20:43:40;1.09059;;-0.17;0.45;
2022.04.05 13:32:22;Sell Limit;0.03;GBPAUD;1.75050;1.75300;1.72200;2022.04.06 20:29:16;1.73770;;;;cancelled
2022.04.05 13:31:15;Sell Limit;0.03;GBPAUD;1.74550;1.75300;1.72200;2022.04.06 20:29:13;1.73772;;;;cancelled
2022.04.05 09:50:24;Buy Limit;0.04;AUDUSD;0.75150;0.74500;0.76300;2022.04.06 20:22:57;0.75253;;;;cancelled
2022.04.05 14:06:14;Buy Limit;0.04;AUDCHF;0.70000;0.69100;0.71100;2022.04.06 19:37:56;0.70317;;;;cancelled
2022.04.06 10:44:39;Sell Limit;0.02;XAUUSD;1 943.00;1 948.00;1 895.00;2022.04.06 19:02:38;1 927.59;;;;cancelled
2022.04.06 12:05:05;Sell;0.02;XAUUSD;1 928.04;1 948.00;1 895.00;2022.04.06 19:01:26;1 928.02;;;0.04;
2022.04.05 15:58:33;Buy Limit;0.04;AUDJPY;91.650;91.300;95.800;2022.04.06 18:44:08;93.264;;;;cancelled
2022.04.05 15:57:28;Buy Limit;0.03;AUDJPY;92.350;91.300;95.800;2022.04.06 18:44:06;93.264;;;;cancelled
2022.04.06 09:08:33;Buy;0.03;GBPUSD;1.30549;1.29700;1.31600;2022.04.06 18:10:36;1.30839;;;8.70;
2022.04.06 09:57:38;Sell Limit;0.02;XAGUSD;24.650;25.040;23.850;2022.04.06 17:38:14;24.424;;;;cancelled
2022.04.06 11:12:53;Sell Limit;0.10;GBPCHF;1.22250;;1.21700;2022.04.06 17:24:40;1.22097;;;;cancelled
2022.04.04 19:54:21;Buy Limit;0.05;GBPCHF;1.21150;1.20800;1.22250;2022.04.06 11:15:13;1.22102;;;;cancelled
2022.04.06 09:58:02;Sell Limit;0.02;XAGUSD;24.900;25.040;23.850;2022.04.06 10:00:35;24.330;;;;cancelled
2022.04.05 10:15:21;Buy Limit;0.05;NZDUSD;0.69050;0.68700;0.70900;2022.04.05 18:04:31;0.69835;;;;cancelled
2022.04.05 10:09:30;Buy Limit;0.03;NZDUSD;0.69500;0.68700;0.70900;2022.04.05 18:04:25;0.69826;;;;cancelled
2022.04.04 22:58:26;Buy Limit;0.03;EURGBP;0.83020;0.82800;0.84200;2022.04.05 17:54:37;0.83331;;;;cancelled
2022.04.05 17:41:28;Buy Limit;0.03;EURGBP;0.83200;0.82800;0.84200;2022.04.05 17:54:34;0.83329;;;;cancelled
2022.04.05 16:49:21;Buy;0.03;EURGBP;0.83350;0.82800;0.84200;2022.04.05 17:41:12;0.83369;;;0.74;
2022.04.04 10:43:15;Sell Limit;0.05;USDCHF;0.93330;0.93900;0.91800;2022.04.05 17:21:13;0.92699;;;;cancelled
2022.04.05 10:09:00;Buy;0.03;NZDUSD;0.69989;0.68700;0.70900;2022.04.05 14:23:19;0.69986;;;-0.09;
2022.04.05 09:49:37;Buy;0.03;AUDUSD;0.76142;0.74700;0.77200;2022.04.05 14:22:06;0.76312;;;5.10;
2022.04.04 11:50:59;Buy Limit;0.03;GBPUSD;1.30400;1.29700;1.31800;2022.04.05 13:13:50;1.31344;;;;cancelled
2022.04.05 07:41:25;Buy;0.05;EURCAD;1.36898;1.36400;1.38200;2022.04.05 11:39:17;1.36622;;;-11.08;
2022.04.04 13:14:35;Buy;0.05;EURCAD;1.37600;1.36400;1.38200;2022.04.05 11:39:15;1.36623;;-0.23;-39.21;
2022.03.31 11:58:22;Buy;0.03;GBPUSD;1.31173;1.29700;1.31800;2022.04.05 10:20:09;1.31358;;-0.15;5.55;
2022.04.04 23:13:42;Buy Limit;0.05;EURNZD;1.56500;1.56100;1.59400;2022.04.05 09:39:43;1.57070;;;;cancelled
2022.04.04 23:05:42;Buy;0.04;EURNZD;1.57790;1.57200;1.59400;2022.04.05 07:43:50;1.57196;;-0.17;-16.57;[sl]
2022.04.04 22:40:39;Buy;0.05;EURAUD;1.45448;1.44900;1.47300;2022.04.05 07:30:29;1.44886;;-0.15;-21.27;[sl]
2022.04.04 20:49:41;Buy Limit;0.05;NZDJPY;84.100;83.900;86.800;2022.04.04 23:23:03;85.363;;;;cancelled
2022.04.04 20:45:23;Buy Limit;0.03;NZDJPY;84.550;83.900;86.800;2022.04.04 23:23:01;85.363;;;;cancelled
2022.04.04 20:44:52;Buy;0.03;NZDJPY;85.427;83.900;86.800;2022.04.04 23:21:59;85.346;;;-1.98;
2022.04.04 20:31:21;Buy;0.04;EURAUD;1.45501;1.45100;1.47300;2022.04.04 21:27:35;1.45313;;;-5.67;
2022.03.31 17:33:30;Buy;0.03;EURAUD;1.47962;1.45100;1.47300;2022.04.04 21:27:33;1.45317;;-0.18;-59.87;
2022.04.04 09:54:36;Buy;0.03;EURAUD;1.46900;1.45100;1.47300;2022.04.04 21:27:31;1.45318;;;-35.81;
2022.03.31 18:22:38;Buy;0.03;EURNZD;1.59929;1.57300;1.61200;2022.04.04 21:25:59;1.57580;;-0.26;-49.03;
2022.04.04 13:34:36;Buy;0.03;EURNZD;1.58860;1.57300;1.61200;2022.04.04 21:25:58;1.57580;;;-26.72;
2022.04.04 14:40:02;Sell;0.03;USDCHF;0.92801;0.93900;0.91800;2022.04.04 21:19:35;0.92650;;;4.89;
2022.04.04 17:46:33;Buy;0.05;EURNZD;1.57950;1.57300;1.61200;2022.04.04 21:03:20;1.57621;;;-11.44;
2022.04.04 15:15:51;Buy Limit;0.05;EURUSD;1.09500;1.09200;1.11500;2022.04.04 21:00:59;1.09615;;;;cancelled
2022.04.04 10:34:27;Sell;0.03;NZDJPY;85.042;85.900;84.200;2022.04.04 20:42:20;85.413;;;-9.07;
2022.04.04 10:34:53;Sell Limit;0.05;NZDJPY;85.500;85.900;84.200;2022.04.04 17:21:28;85.408;;;;cancelled
2022.04.04 14:57:15;Buy Limit;0.04;EURUSD;1.09600;1.09200;1.11500;2022.04.04 15:15:15;1.10058;;;;cancelled
2022.04.04 14:56:49;Buy Limit;0.04;EURUSD;1.09950;1.09200;1.11500;2022.04.04 15:14:25;1.10060;;;;cancelled
2022.04.04 10:21:15;Buy Limit;0.05;EURUSD;1.09600;1.09200;1.11500;2022.04.04 14:56:56;1.10019;;;;cancelled
2022.04.04 13:45:17;Buy Limit;0.03;EURUSD;1.09920;1.09200;1.11500;2022.04.04 14:56:27;1.10029;;;;cancelled
2022.04.04 10:20:58;Buy Limit;0.05;EURUSD;1.09930;1.09300;1.11500;2022.04.04 13:44:44;1.10024;;;;cancelled
2022.04.04 11:31:29;Buy Limit;0.05;EURCAD;1.37350;1.37100;1.38850;2022.04.04 11:58:42;1.37759;;;;cancelled
2022.04.04 11:29:29;Buy;0.03;EURCAD;1.37853;1.37100;1.39500;2022.04.04 11:30:45;1.37830;;;-0.55;
2022.04.04 11:20:20;Buy Limit;0.05;EURCAD;1.37300;1.37100;1.38850;2022.04.04 11:29:44;1.37866;;;;cancelled
2022.04.01 21:15:25;Buy Limit;0.05;NZDJPY;83.800;83.600;86.800;2022.04.04 10:10:30;85.060;;;;cancelled
2022.04.01 21:15:07;Buy Limit;0.03;NZDJPY;84.300;83.600;86.800;2022.04.04 10:10:29;85.064;;;;cancelled
2022.04.01 19:25:37;Sell Limit;0.03;AUDCHF;0.70200;0.70400;0.68400;2022.04.04 10:10:28;0.69537;;;;cancelled
2022.04.01 19:25:22;Sell Limit;0.03;AUDCHF;0.69850;0.70400;0.68400;2022.04.04 10:10:27;0.69537;;;;cancelled
2022.04.01 18:39:08;Sell Limit;0.02;XAGUSD;25.040;25.200;24.030;2022.04.04 10:10:26;24.807;;;;cancelled
2022.04.01 18:21:58;Buy Limit;0.05;AUDCAD;0.92420;0.92200;0.93950;2022.04.04 10:10:26;0.93942;;;;cancelled
2022.04.01 18:21:35;Buy Limit;0.05;AUDCAD;0.92750;0.92200;0.93950;2022.04.04 10:10:25;0.93942;;;;cancelled
2022.04.01 18:12:06;Buy Limit;0.03;GBPUSD;1.30650;1.29700;1.31800;2022.04.04 10:10:24;1.31310;;;;cancelled
2022.04.01 16:09:19;Buy Limit;0.05;EURNZD;1.59020;1.58700;1.61250;2022.04.04 10:10:24;1.59100;;;;cancelled
2022.04.01 15:56:21;Sell Limit;0.03;USDCHF;0.92800;0.93900;0.91800;2022.04.04 10:10:23;0.92529;;;;cancelled
2022.04.01 08:47:59;Buy Limit;0.10;GBPCHF;1.21000;1.20800;1.22250;2022.04.04 10:10:22;1.21503;;;;cancelled
2022.03.31 17:37:49;Buy Limit;0.05;EURAUD;1.46000;1.45100;1.49200;2022.04.04 10:10:21;1.46880;;;;cancelled
2022.03.31 17:00:37;Buy Limit;0.05;EURCAD;1.37600;1.36400;1.39700;2022.04.04 10:10:20;1.37960;;;;cancelled
2022.03.30 17:35:36;Buy Limit;0.05;GBPUSD;1.30060;1.29700;1.31800;2022.04.04 10:10:19;1.31291;;;;cancelled
2022.03.30 16:37:36;Buy Limit;0.05;EURNZD;1.57950;1.57300;1.61250;2022.04.04 10:10:18;1.59098;;;;cancelled
2022.03.30 16:07:51;Buy Limit;0.05;EURCAD;1.36950;1.36400;1.39700;2022.04.04 10:10:18;1.37959;;;;cancelled
2022.03.30 13:10:04;Buy Limit;0.05;GBPJPY;156.350;155.700;161.600;2022.04.04 10:10:17;160.918;;;;cancelled
2022.03.30 13:09:44;Buy Limit;0.03;GBPJPY;157.000;155.700;161.600;2022.04.04 10:10:16;160.918;;;;cancelled
2022.03.30 11:05:49;Buy Limit;0.05;EURJPY;133.020;132.700;137.400;2022.04.04 10:10:15;135.279;;;;cancelled
2022.03.30 11:05:24;Buy Limit;0.05;EURJPY;133.750;132.700;137.400;2022.04.04 10:10:15;135.275;;;;cancelled
2022.03.30 08:59:49;Sell Limit;0.05;USDCHF;0.93350;0.93900;0.91800;2022.04.04 10:10:14;0.92534;;;;cancelled
2022.03.29 14:03:52;Buy Limit;0.05;EURUSD;1.09950;1.09200;1.11400;2022.04.04 10:10:13;1.10357;;;;cancelled
2022.03.28 09:10:12;Buy Limit;0.05;EURUSD;1.09600;1.09200;1.11400;2022.04.04 10:10:12;1.10357;;;;cancelled
2022.04.01 19:25:05;Sell;0.03;AUDCHF;0.69338;0.70400;0.68400;2022.04.04 10:00:57;0.69554;;-0.10;-7.00;
2022.04.01 18:54:37;Sell Limit;0.05;NZDJPY;85.500;85.900;83.800;2022.04.01 21:11:59;84.729;;;;cancelled
2022.04.01 18:54:17;Sell;0.03;NZDJPY;84.779;85.900;83.800;2022.04.01 21:08:47;84.759;;;0.49;
2022.04.01 11:16:46;Buy Limit;0.05;AUDCHF;0.69050;0.68800;0.69850;2022.04.01 19:19:15;0.69362;;;;cancelled
2022.03.28 09:54:52;Buy;0.03;AUDCHF;0.70210;0.68800;0.69850;2022.04.01 19:19:13;0.69344;;-0.12;-28.07;
2022.04.01 18:02:39;Buy Limit;0.05;NZDJPY;83.800;83.600;86.500;2022.04.01 18:47:20;84.823;;;;cancelled
2022.04.01 18:01:42;Buy Limit;0.03;NZDJPY;84.300;83.600;86.500;2022.04.01 18:47:18;84.820;;;;cancelled
2022.04.01 17:33:40;Buy;0.02;XAUUSD;1 921.07;1 914.00;1 955.00;2022.04.01 18:25:56;1 927.91;;;13.68;
2022.04.01 17:44:22;Sell Limit;0.05;NZDJPY;85.500;85.900;83.800;2022.04.01 17:59:35;84.840;;;;cancelled
2022.04.01 17:43:59;Sell;0.03;NZDJPY;84.773;85.900;83.800;2022.04.01 17:59:33;84.860;;;-2.12;
2022.04.01 17:30:56;Buy;0.03;GBPUSD;1.30892;1.30700;1.31700;2022.04.01 17:55:14;1.31089;;;5.91;
2022.04.01 10:20:08;Buy Limit;0.04;NZDJPY;83.800;83.600;86.500;2022.04.01 17:39:40;84.761;;;;cancelled
2022.04.01 10:19:32;Buy Limit;0.03;NZDJPY;84.400;83.600;86.500;2022.04.01 17:39:38;84.760;;;;cancelled
2022.04.01 14:59:59;Buy;0.05;EURNZD;1.59050;1.58800;1.61250;2022.04.01 16:08:20;1.59300;;;8.67;
2022.03.30 08:58:08;Sell Limit;0.05;USDCHF;0.93340;0.94400;0.92800;2022.04.01 15:54:52;0.92556;;;;cancelled
2022.03.31 12:02:38;Buy Limit;0.03;GBPUSD;1.30900;1.30700;1.31800;2022.04.01 15:40:29;1.31159;;;;cancelled
2022.03.30 12:09:26;Buy;0.05;AUDCHF;0.69443;0.68800;0.69900;2022.04.01 13:54:12;0.69393;;-0.13;-2.71;
2022.04.01 09:33:09;Buy;0.05;AUDCHF;0.69000;0.68800;0.69900;2022.04.01 11:16:25;0.69349;;;18.88;
2022.03.31 17:37:31;Buy Limit;0.05;EURAUD;1.46900;1.45100;1.49200;2022.04.01 10:57:23;1.47538;;;;cancelled
2022.03.31 15:39:17;Sell Limit;0.05;NZDJPY;85.500;85.900;82.800;2022.04.01 10:05:24;84.695;;;;cancelled
2022.03.31 15:38:53;Sell Limit;0.03;NZDJPY;85.000;85.900;82.800;2022.04.01 10:05:22;84.695;;;;cancelled
2022.03.31 20:33:25;Buy;0.03;EURCAD;1.38312;1.36500;1.39700;2022.04.01 09:31:02;1.38394;;-0.14;1.96;
2022.03.31 13:20:14;Buy;0.05;GBPCHF;1.21279;1.20800;1.22250;2022.04.01 08:47:12;1.21342;;;3.41;
2022.03.31 20:18:21;Buy;0.03;EURCAD;1.38385;1.36500;1.40600;2022.03.31 20:26:06;1.38269;;;-2.79;
2022.03.28 09:56:34;Buy Limit;0.05;AUDCHF;0.68700;0.68400;0.70150;2022.03.31 19:15:24;0.69061;;;;cancelled
2022.03.31 11:05:15;Buy Limit;0.03;EURCAD;1.38500;1.38200;1.40600;2022.03.31 17:00:13;1.38793;;;;cancelled
2022.03.28 08:59:50;Buy;0.03;AUDNZD;1.08376;1.07300;1.08100;2022.03.31 13:56:02;1.07983;;-0.44;-8.17;
2022.03.30 12:19:17;Buy;0.05;AUDNZD;1.07600;1.07300;1.08100;2022.03.31 13:56:00;1.07983;;-0.44;13.28;
2022.03.31 11:35:00;Buy Limit;0.10;GBPCHF;1.21100;1.20900;1.22250;2022.03.31 13:19:53;1.21270;;;;cancelled
2022.03.30 20:11:16;Buy Limit;0.03;EURCAD;1.38900;1.38200;1.40600;2022.03.31 13:13:21;1.39106;;;;cancelled
2022.03.30 17:35:18;Buy Limit;0.05;GBPUSD;1.30950;1.30200;1.31800;2022.03.31 11:58:10;1.31157;;;;cancelled
2022.03.30 21:28:55;Buy;0.05;GBPCHF;1.21200;1.20900;1.22250;2022.03.31 11:34:37;1.21501;;-0.01;16.26;
2022.03.30 17:06:36;Buy;0.05;GBPCHF;1.21547;1.20900;1.22250;2022.03.31 11:34:35;1.21500;;-0.01;-2.53;
2022.03.30 20:08:46;Buy;0.03;EURCAD;1.39173;1.37100;1.40600;2022.03.31 11:01:30;1.39419;;-0.41;5.90;
2022.03.30 19:45:04;Buy Limit;0.05;EURCAD;1.38500;1.38250;1.40600;2022.03.30 20:10:58;1.39126;;;;cancelled
2022.03.30 16:04:12;Buy;0.05;EURCAD;1.38699;1.36100;1.50400;2022.03.30 19:41:56;1.39199;;;20.03;
2022.03.30 17:34:14;Buy Limit;0.10;GBPUSD;1.30600;1.30200;1.31800;2022.03.30 17:35:21;1.31771;;;;cancelled
2022.03.29 08:54:51;Buy Limit;0.10;GBPUSD;1.31050;1.30200;1.31800;2022.03.30 17:35:01;1.31765;;;;cancelled
2022.03.29 15:45:54;Buy Limit;0.05;GBPUSD;1.31050;1.29700;1.31800;2022.03.30 17:33:42;1.31751;;;;cancelled
2022.03.29 19:22:49;Buy;0.05;GBPUSD;1.31014;1.29700;1.31800;2022.03.30 17:30:04;1.31729;;-0.09;35.75;
2022.03.23 16:22:24;Buy;0.05;GBPUSD;1.31878;1.29700;1.31800;2022.03.30 17:29:59;1.31722;;-0.63;-7.80;
2022.03.28 20:33:39;Buy Limit;0.05;AUDUSD;0.73800;0.73500;0.75900;2022.03.30 16:09:18;0.75222;;;;cancelled
2022.03.28 20:33:21;Buy Limit;0.03;AUDUSD;0.74250;0.73500;0.75900;2022.03.30 16:09:15;0.75221;;;;cancelled
2022.03.30 09:13:34;Buy Limit;0.03;EURCAD;1.37620;1.37100;1.40600;2022.03.30 16:07:35;1.38645;;;;cancelled
2022.03.30 09:10:35;Buy;0.03;EURCAD;1.38682;1.37100;1.40600;2022.03.30 16:04:01;1.38675;;;-0.17;
2022.03.30 09:35:55;Buy;0.03;EURCAD;1.38829;1.37100;1.40600;2022.03.30 16:00:30;1.38633;;;-4.72;
2022.03.30 14:00:09;Buy;0.05;GBPCHF;1.21696;1.20900;1.22700;2022.03.30 15:39:14;1.21882;;;10.04;
2022.03.30 13:31:00;Buy Limit;0.10;GBPCHF;1.21250;1.20900;1.22700;2022.03.30 13:59:52;1.21713;;;;cancelled
2022.03.29 19:13:45;Buy Limit;0.05;GBPCHF;1.21200;1.20900;1.22500;2022.03.30 13:30:36;1.21625;;;;cancelled
2022.03.30 12:46:10;Buy Limit;0.05;GBPCHF;1.21520;1.20900;1.22500;2022.03.30 13:30:33;1.21623;;;;cancelled
2022.03.30 06:09:58;Buy;0.05;GBPCHF;1.21648;1.20900;1.22500;2022.03.30 12:45:54;1.21751;;;5.56;
2022.03.29 21:45:19;Sell Limit;0.05;GBPCAD;1.65800;1.66300;1.62800;2022.03.30 12:19:20;1.64022;;;;cancelled
2022.03.29 21:45:57;Sell Limit;0.03;GBPCAD;1.65150;1.66300;1.62800;2022.03.30 12:19:17;1.64023;;;;cancelled
2022.03.25 20:46:25;Sell Limit;0.10;GBPAUD;1.78300;1.78600;1.74800;2022.03.30 11:40:43;1.74771;;;;cancelled
2022.03.25 20:45:34;Sell Limit;0.05;GBPAUD;1.77900;1.78600;1.74800;2022.03.30 11:40:39;1.74779;;;;cancelled
2022.03.28 14:52:49;Buy Limit;0.05;EURUSD;1.08600;1.07900;1.11100;2022.03.30 09:50:37;1.11103;;;;cancelled
2022.03.28 11:09:08;Buy Limit;0.05;NZDJPY;84.200;83.600;86.800;2022.03.30 09:34:14;84.795;;;;cancelled
2022.03.28 16:50:27;Buy;0.03;NZDJPY;85.436;83.600;86.800;2022.03.30 09:34:07;84.770;;-0.02;-16.42;
2022.03.29 09:11:35;Sell Limit;0.05;USDCHF;0.94500;0.94800;0.93100;2022.03.30 08:58:33;0.92868;;;;cancelled
2022.03.29 09:12:12;Sell Limit;0.03;USDCHF;0.93970;0.94800;0.93100;2022.03.30 08:56:35;0.92875;;;;cancelled
2022.03.28 10:34:04;Buy Limit;0.05;AUDJPY;90.950;90.500;93.750;2022.03.30 08:49:13;91.785;;;;cancelled
2022.03.28 10:42:30;Buy;0.03;AUDJPY;93.150;90.500;93.750;2022.03.30 08:49:12;91.772;;-0.06;-33.91;
2022.03.30 05:42:47;Buy;0.03;AUDJPY;91.489;90.500;93.750;2022.03.30 08:49:09;91.774;;;7.01;
2022.03.29 17:22:29;Buy Limit;0.05;CADJPY;96.800;96.500;98.800;2022.03.30 08:46:15;97.648;;;;cancelled
2022.03.30 06:17:05;Buy;0.05;CADJPY;97.218;96.500;98.800;2022.03.30 08:46:12;97.627;;;16.78;
2022.03.28 19:02:32;Sell Limit;0.05;GBPCAD;1.65800;1.66300;1.62800;2022.03.29 20:47:20;1.63560;;;;cancelled
2022.03.29 16:24:05;Buy Limit;0.05;EURGBP;0.83532;;;2022.03.29 19:35:13;0.84689;;;;cancelled
2022.03.29 15:43:49;Buy Limit;0.05;GBPUSD;1.31000;1.29700;1.31850;2022.03.29 19:22:37;1.31012;;;;cancelled
2022.03.25 13:35:39;Buy Limit;0.10;GBPCHF;1.21650;1.20900;1.23200;2022.03.29 19:12:57;1.22072;;;;cancelled
2022.03.29 15:35:18;Buy;0.03;AUDJPY;91.701;90.500;93.750;2022.03.29 18:11:44;91.948;;;6.05;
2022.03.29 17:18:20;Buy;0.05;CADJPY;97.843;96.500;98.800;2022.03.29 18:01:35;97.998;;;6.32;
2022.03.29 09:38:00;Buy Limit;0.05;EURJPY;133.050;132.750;137.400;2022.03.29 17:14:05;135.796;;;;cancelled
2022.03.28 15:27:52;Buy Limit;0.03;EURJPY;133.700;132.750;137.400;2022.03.29 17:14:04;135.801;;;;cancelled
2022.03.28 18:53:11;Buy Limit;0.05;CADJPY;96.800;96.500;99.900;2022.03.29 17:13:16;97.683;;;;cancelled
2022.03.28 18:52:47;Buy Limit;0.03;CADJPY;97.200;96.500;99.900;2022.03.29 17:13:14;97.682;;;;cancelled
2022.03.29 15:44:11;Buy Limit;0.05;GBPUSD;1.30450;1.29700;1.32800;2022.03.29 15:50:48;1.31559;;;;cancelled
2022.03.29 12:03:36;Buy;0.05;GBPUSD;1.30547;1.29700;1.31800;2022.03.29 15:39:01;1.31450;;;45.15;
2022.03.18 14:00:11;Buy;0.05;GBPUSD;1.31295;1.29700;1.31800;2022.03.29 15:38:58;1.31448;;-0.81;7.65;
2022.03.29 10:02:25;Sell Limit;0.05;EURAUD;1.48700;1.49200;1.46000;2022.03.29 14:41:47;1.47512;;;;cancelled
2022.03.29 10:03:02;Sell Limit;0.05;EURAUD;1.48050;1.49200;1.46000;2022.03.29 14:41:44;1.47544;;;;cancelled
2022.03.21 16:38:38;Buy;0.05;EURUSD;1.10393;1.07900;1.10600;2022.03.29 12:50:22;1.10447;;-1.37;2.70;
2022.03.25 17:09:32;Buy Limit;0.05;AUDNZD;1.07450;1.07300;1.09200;2022.03.29 11:56:31;1.08765;;;;cancelled
2022.03.21 11:36:02;Buy Limit;0.05;AUDCAD;0.92400;0.92200;0.94500;2022.03.29 11:53:38;0.93625;;;;cancelled
2022.03.21 11:36:20;Buy Limit;0.05;AUDCAD;0.92800;0.92200;0.94500;2022.03.29 11:53:35;0.93627;;;;cancelled
2022.03.28 15:28:36;Buy Limit;0.03;EURJPY;133.000;132.700;137.400;2022.03.29 09:37:45;135.730;;;;cancelled
2022.03.29 09:37:21;Buy;0.05;EURJPY;135.722;;;2022.03.29 09:37:30;135.704;;;-0.73;
2022.03.28 13:52:14;Sell Limit;0.05;USDCHF;0.94500;0.94800;0.92800;2022.03.29 09:08:30;0.93360;;;;cancelled
2022.03.28 13:50:16;Sell Limit;0.03;USDCHF;0.93970;0.94800;0.92800;2022.03.29 09:08:28;0.93360;;;;cancelled
2022.03.28 17:07:14;Buy Limit;0.05;GBPUSD;1.30550;1.29700;1.31800;2022.03.29 08:54:33;1.30964;;;;cancelled
2022.03.28 13:44:58;Sell;0.03;USDCHF;0.93485;0.94800;0.92800;2022.03.29 08:23:50;0.93414;;-0.11;2.28;
2022.03.25 21:38:21;Sell Limit;0.05;EURAUD;1.48700;1.49200;1.44100;2022.03.28 20:12:33;1.46748;;;;cancelled
2022.03.25 21:37:27;Sell Limit;0.04;EURAUD;1.47950;1.49200;1.44100;2022.03.28 20:12:31;1.46749;;;;cancelled
2022.03.28 09:23:57;Buy Limit;0.05;AUDUSD;0.73800;0.73500;0.75600;2022.03.28 20:10:39;0.74952;;;;cancelled
2022.03.17 11:33:32;Buy Limit;0.05;AUDUSD;0.74250;0.73500;0.75600;2022.03.28 20:10:35;0.74948;;;;cancelled
2022.03.23 13:50:05;Buy Limit;0.10;NZDCHF;0.64250;0.63900;0.65500;2022.03.28 19:44:16;0.64462;;;;cancelled
2022.03.25 21:57:02;Sell Limit;0.05;EURNZD;1.60500;1.60800;1.56600;2022.03.28 18:01:04;1.59050;;;;cancelled
2022.03.25 21:56:43;Sell Limit;0.05;EURNZD;1.59800;1.60800;1.56600;2022.03.28 18:01:01;1.59060;;;;cancelled
2022.03.25 19:56:57;Sell Limit;0.05;GBPCAD;1.65850;1.66300;1.62800;2022.03.28 18:00:11;1.64571;;;;cancelled
2022.03.15 11:37:04;Buy Limit;0.05;NZDUSD;0.67950;0.67700;0.69900;2022.03.28 17:49:34;0.68932;;;;cancelled
2022.03.08 19:04:17;Buy Limit;0.05;NZDUSD;0.68500;0.67700;0.69900;2022.03.28 17:49:32;0.68929;;;;cancelled
2022.03.11 10:09:58;Buy Limit;0.05;GBPJPY;156.900;156.200;163.600;2022.03.28 17:19:27;161.808;;;;cancelled
2022.03.16 17:51:01;Buy Limit;0.05;GBPJPY;157.600;156.200;163.600;2022.03.28 17:19:26;161.807;;;;cancelled
2022.03.25 15:51:37;Buy Limit;0.05;GBPJPY;158.300;156.200;163.600;2022.03.28 17:19:23;161.804;;;;cancelled
2022.03.23 11:59:19;Buy Limit;0.10;GBPUSD;1.30550;1.30200;1.32880;2022.03.28 17:06:53;1.30781;;;;cancelled
2022.03.28 11:08:18;Buy Limit;0.03;NZDJPY;85.100;83.500;87.500;2022.03.28 16:50:08;85.417;;;;cancelled
2022.03.28 09:55:11;Buy Limit;0.03;AUDCHF;0.69750;0.68800;0.71100;2022.03.28 16:37:38;0.69971;;;;cancelled
2022.03.23 09:04:03;Buy Limit;0.10;EURJPY;132.400;132.100;136.900;2022.03.28 15:06:45;136.053;;;;cancelled
2022.03.23 16:48:59;Buy Limit;0.05;EURJPY;133.300;132.100;136.900;2022.03.28 15:06:43;136.051;;;;cancelled
2022.03.28 13:49:25;Sell Limit;0.05;USDCHF;0.93950;0.94800;0.92800;2022.03.28 13:49:53;0.93494;;;;cancelled
2022.03.28 10:31:21;Buy Limit;0.03;AUDJPY;92.050;90.500;95.500;2022.03.28 10:42:17;93.155;;;;cancelled
2022.03.28 10:30:18;Buy Limit;0.05;AUDJPY;92.000;90.500;95.500;2022.03.28 10:31:02;93.049;;;;cancelled
2022.03.22 14:00:14;Buy Limit;0.05;AUDJPY;89.000;88.700;91.700;2022.03.28 10:29:54;93.049;;;;cancelled
2022.03.22 13:59:47;Buy Limit;0.05;AUDJPY;89.820;88.700;91.700;2022.03.28 10:29:52;93.055;;;;cancelled
2022.03.21 13:47:20;Buy Limit;0.10;AUDCHF;0.69050;0.68800;0.71200;2022.03.28 09:55:16;0.70191;;;;cancelled
2022.03.21 13:45:18;Buy Limit;0.05;AUDCHF;0.69450;0.06880;0.71200;2022.03.28 09:54:14;0.70210;;;;cancelled
2022.03.25 09:33:58;Buy Limit;0.10;EURUSD;1.09100;1.08800;1.11200;2022.03.28 09:07:48;1.09524;;;;cancelled
2022.03.25 20:22:11;Sell Limit;0.03;GBPCAD;1.65300;1.66300;1.62800;2022.03.25 22:22:26;1.64606;;;;cancelled
2022.03.25 21:36:28;Sell Limit;0.03;EURAUD;1.46700;1.49200;1.44100;2022.03.25 21:37:03;1.46102;;;;cancelled
2022.03.25 18:22:48;Buy;0.05;GBPCAD;1.65000;1.64800;1.66900;2022.03.25 19:11:14;1.64963;;;-1.48;
2022.03.23 15:50:26;Buy;0.05;GBPCAD;1.66256;1.64800;1.66900;2022.03.25 19:11:12;1.64969;;-0.84;-51.47;
2022.03.22 19:30:07;Buy Limit;0.05;NZDCAD;0.86150;0.85900;0.88700;2022.03.25 18:54:38;0.86981;;;;cancelled
2022.03.22 19:29:44;Buy Limit;0.05;NZDCAD;0.86650;0.85900;0.88700;2022.03.25 18:52:55;0.86986;;;;cancelled
2022.03.25 17:01:38;Buy;0.03;AUDNZD;1.08066;1.06800;1.09200;2022.03.25 17:46:23;1.07968;;;-2.04;
2022.03.25 16:54:29;Buy;0.05;GBPCAD;1.64999;1.64800;1.66900;2022.03.25 17:24:16;1.65211;;;8.46;
2022.03.25 17:02:00;Buy Limit;0.04;AUDNZD;1.07500;1.07300;1.09200;2022.03.25 17:06:08;1.08077;;;;cancelled
2022.03.25 11:25:46;Buy Limit;0.05;GBPCHF;1.21950;1.21500;1.23800;2022.03.25 13:35:14;1.22108;;;;cancelled
2022.03.25 11:17:21;Buy Limit;0.10;GBPCHF;1.21950;1.21400;1.23900;2022.03.25 11:25:28;1.22130;;;;cancelled
2022.03.25 11:13:25;Buy Limit;0.05;GBPCHF;1.21950;1.21400;1.23900;2022.03.25 11:17:04;1.22139;;;;cancelled
2022.03.25 10:35:33;Buy Limit;0.10;GBPCHF;1.21950;1.21500;1.23900;2022.03.25 11:13:08;1.22125;;;;cancelled
2022.03.25 10:25:59;Buy Limit;0.10;GBPCHF;1.21950;1.21500;1.24000;2022.03.25 10:34:02;1.22351;;;;cancelled
2022.03.24 16:58:46;Buy Limit;0.10;GBPCHF;1.21950;1.21500;1.24050;2022.03.25 10:25:29;1.22335;;;;cancelled
2022.03.21 14:08:07;Buy Limit;0.05;EURUSD;1.09100;1.08800;1.11250;2022.03.25 09:33:41;1.10280;;;;cancelled
2022.03.23 18:18:00;Buy Limit;0.10;GBPCAD;1.65250;1.64900;1.67100;2022.03.24 17:06:17;1.65375;;;;cancelled
2022.03.24 16:20:50;Buy Limit;0.05;GBPCHF;1.22200;1.21600;1.24050;2022.03.24 16:57:57;1.22835;;;;cancelled
2022.03.23 09:45:34;Buy Limit;0.10;GBPCHF;1.21900;1.21500;1.24050;2022.03.24 16:20:29;1.22761;;;;cancelled
2022.03.24 11:38:49;Buy Limit;0.05;EURCAD;1.37700;1.37300;1.39400;2022.03.24 14:58:41;1.38028;;;;cancelled
2022.03.21 21:58:59;Sell Limit;0.05;AUDNZD;1.07900;1.08100;1.07100;2022.03.24 13:09:11;1.07656;;;;cancelled
2022.03.23 12:33:59;Sell;0.05;AUDNZD;1.07450;1.08100;1.07100;2022.03.24 13:09:09;1.07675;;;-7.81;
2022.03.24 11:18:31;Buy Limit;0.05;EURCAD;1.37700;1.37300;1.39400;2022.03.24 11:26:48;1.37934;;;;cancelled
2022.03.23 22:51:39;Buy Limit;0.10;EURCAD;1.37400;1.37300;1.39600;2022.03.24 10:39:32;1.38003;;;;cancelled
2022.03.23 22:51:15;Buy Limit;0.05;EURCAD;1.37900;1.37300;1.39600;2022.03.24 10:39:29;1.38003;;;;cancelled
2022.03.23 16:37:23;Buy Limit;0.05;EURCAD;1.37650;1.37300;1.39600;2022.03.23 22:51:20;1.38331;;;;cancelled
2022.03.23 21:05:42;Buy;0.05;EURCAD;1.38328;1.27300;1.39600;2022.03.23 22:50:45;1.38303;;;-1.00;
2022.03.23 20:28:41;Buy Limit;0.05;EURCAD;1.37900;1.37300;1.39400;2022.03.23 21:05:17;1.38324;;;;cancelled
2022.03.23 18:40:56;Buy;0.05;GBPCHF;1.23053;1.21500;1.24500;2022.03.23 20:29:11;1.22996;;;-3.05;
2022.03.23 20:27:24;Buy Limit;0.10;EURCAD;1.37900;1.37300;1.39400;2022.03.23 20:28:23;1.38210;;;;cancelled
2022.03.23 20:26:33;Buy Limit;0.05;EURCAD;1.37900;1.37300;1.39400;2022.03.23 20:27:04;1.38231;;;;cancelled
2022.03.23 20:22:38;Buy Limit;0.10;EURCAD;1.37900;1.37300;1.39400;2022.03.23 20:26:13;1.38233;;;;cancelled
2022.03.23 16:39:04;Buy;0.10;EURCAD;1.38099;1.37300;1.39400;2022.03.23 20:22:13;1.38213;;;9.07;
2022.03.22 19:49:24;Buy;0.05;NZDCHF;0.64815;0.63900;0.65800;2022.03.23 19:25:21;0.64828;;0.03;0.70;
2022.03.23 18:39:10;Buy Limit;0.05;GBPCHF;1.23020;1.21800;1.24600;2022.03.23 18:40:46;1.23061;;;;cancelled
2022.03.23 09:45:11;Buy Limit;0.10;GBPCHF;1.22900;1.22000;1.24600;2022.03.23 18:38:47;1.23069;;;;cancelled
2022.03.23 14:15:52;Buy Limit;0.05;GBPCAD;1.65100;1.64800;1.67100;2022.03.23 18:17:42;1.65708;;;;cancelled
2022.03.23 14:17:01;Buy Limit;0.05;GBPCAD;1.64800;1.64400;1.67100;2022.03.23 17:55:48;1.65742;;;;cancelled
2022.03.23 16:47:52;Buy Limit;0.05;EURJPY;131.650;130.600;133.400;2022.03.23 16:49:03;132.401;;;;cancelled
2022.03.23 09:03:43;Buy Limit;0.05;EURJPY;131.700;130.600;133.900;2022.03.23 16:46:09;132.336;;;;cancelled
2022.03.23 09:15:30;Buy Limit;0.10;EURCAD;1.37650;1.37300;1.39700;2022.03.23 16:37:06;1.38119;;;;cancelled
2022.03.23 14:08:14;Buy Limit;0.05;GBPUSD;1.31650;1.29800;1.33200;2022.03.23 16:22:14;1.31873;;;;cancelled
2022.03.23 09:25:52;Buy Limit;0.05;EURAUD;1.45700;1.45300;1.48600;2022.03.23 16:16:43;1.47308;;;;cancelled
2022.03.22 16:38:57;Buy Limit;0.05;GBPCAD;1.65950;1.64400;1.67400;2022.03.23 15:50:17;1.66256;;;;cancelled
2022.03.23 11:51:27;Buy Limit;0.10;GBPCAD;1.65250;1.64900;1.67400;2022.03.23 14:14:31;1.66310;;;;cancelled
2022.03.23 12:35:40;Buy Limit;0.10;GBPUSD;1.31650;1.30700;1.33200;2022.03.23 14:07:55;1.32167;;;;cancelled
2022.03.22 19:50:56;Buy Limit;0.05;NZDCHF;0.64250;0.63900;0.65800;2022.03.23 13:49:25;0.65091;;;;cancelled
2022.03.21 13:45:47;Buy Limit;0.05;AUDCHF;0.68300;0.67200;0.69900;2022.03.23 13:15:46;0.69959;;;;cancelled
2022.03.23 09:15:06;Buy Limit;0.10;EURCAD;1.38100;1.37300;1.40200;2022.03.23 12:46:33;1.38390;;;;cancelled
2022.03.23 11:58:42;Buy Limit;0.05;GBPUSD;1.31650;1.29500;1.33200;2022.03.23 12:35:18;1.32421;;;;cancelled
2022.03.23 09:25:33;Buy Limit;0.05;EURAUD;1.46700;1.45300;1.48600;2022.03.23 12:08:28;1.47555;;;;cancelled
2022.03.22 19:57:54;Buy Limit;0.10;GBPUSD;1.31650;1.30700;1.32900;2022.03.23 11:58:13;1.32236;;;;cancelled
2022.03.22 16:39:30;Buy Limit;0.05;GBPCAD;1.65300;1.64900;1.67400;2022.03.23 11:51:10;1.66487;;;;cancelled
2022.03.22 14:22:34;Buy Limit;0.05;GBPCHF;1.23800;1.22000;1.25100;2022.03.23 10:58:55;1.23840;;;;cancelled
2022.03.21 11:55:41;Buy Limit;0.05;GBPCHF;1.22200;1.21800;1.24100;2022.03.23 09:44:53;1.24078;;;;cancelled
2022.03.22 10:06:20;Buy Limit;0.05;EURCAD;1.37650;1.37300;1.39700;2022.03.23 09:15:11;1.38832;;;;cancelled
2022.03.22 10:05:58;Buy Limit;0.05;EURCAD;1.38060;1.37300;1.39700;2022.03.23 09:14:50;1.38820;;;;cancelled
2022.03.16 14:17:22;Buy Limit;0.05;CADCHF;0.72750;0.72600;0.74300;2022.03.23 08:57:53;0.74319;;;;cancelled
2022.03.14 14:57:36;Buy Limit;0.06;CADCHF;0.73250;0.72600;0.74300;2022.03.23 08:57:51;0.74319;;;;cancelled
2022.03.22 09:41:48;Sell Limit;0.05;EURAUD;1.49800;1.50100;1.46800;2022.03.23 08:57:10;1.47918;;;;cancelled
2022.03.22 16:21:16;Sell Limit;0.05;EURAUD;1.48800;1.50100;1.46800;2022.03.23 08:57:08;1.47918;;;;cancelled
2022.03.17 13:21:37;Buy;0.05;GBPCHF;1.23854;1.21800;1.24100;2022.03.23 05:04:46;1.24101;;;13.23;[tp]
2022.03.21 17:37:14;Buy Limit;0.05;EURJPY;128.400;127.800;132.000;2022.03.22 22:16:34;133.159;;;;cancelled
2022.03.21 17:36:55;Buy Limit;0.05;EURJPY;129.150;127.800;132.000;2022.03.22 22:16:32;133.159;;;;cancelled
2022.03.17 11:32:15;Buy Limit;0.05;AUDUSD;0.72600;0.72100;0.75200;2022.03.22 20:17:34;0.74425;;;;cancelled
2022.03.18 14:07:22;Buy Limit;0.10;GBPUSD;1.30050;1.29700;1.33200;2022.03.22 19:58:06;1.32527;;;;cancelled
2022.03.17 16:02:18;Buy Limit;0.10;GBPUSD;1.30600;1.29700;1.33200;2022.03.22 19:58:03;1.32527;;;;cancelled
2022.03.22 14:19:02;Buy Limit;0.05;GBPUSD;1.31650;1.29500;1.33200;2022.03.22 19:57:27;1.32521;;;;cancelled
2022.03.21 19:46:17;Buy Limit;0.10;NZDCHF;0.63400;0.63100;0.64900;2022.03.22 19:49:13;0.64814;;;;cancelled
2022.03.21 11:58:55;Buy Limit;0.05;GBPCHF;1.21300;1.20900;1.24100;2022.03.22 16:09:23;1.23395;;;;cancelled
2022.03.17 16:59:16;Buy;0.05;GBPCHF;1.23130;1.20900;1.23650;2022.03.22 14:21:34;1.23468;;;18.09;
2022.03.21 10:15:15;Buy;0.05;GBPUSD;1.31651;1.29700;1.32900;2022.03.22 14:17:26;1.32164;;-0.09;25.65;
2022.03.22 10:24:18;Sell Limit;0.05;EURAUD;1.48850;1.50100;1.46800;2022.03.22 10:42:41;1.48601;;;;cancelled
2022.03.22 09:40:36;Sell;0.05;EURAUD;1.48549;1.50100;1.46800;2022.03.22 10:22:39;1.48467;;;3.03;
2022.03.21 17:22:01;Buy Limit;0.05;EURCAD;1.37100;1.36900;1.40600;2022.03.22 10:00:29;1.38195;;;;cancelled
2022.03.14 19:18:43;Buy Limit;0.05;EURCAD;1.37700;1.36900;1.40600;2022.03.22 10:00:26;1.38198;;;;cancelled
2022.03.14 11:26:32;Sell Limit;0.05;AUDNZD;1.07750;1.08100;1.06300;2022.03.21 21:46:49;1.07489;;;;cancelled
2022.03.17 11:56:40;Buy Limit;0.05;EURJPY;130.350;129.400;132.000;2022.03.21 17:35:12;131.525;;;;cancelled
2022.03.21 10:47:31;Buy Limit;0.05;EURGBP;0.83330;0.83050;0.84900;2022.03.21 17:09:58;0.83730;;;;cancelled
2022.03.18 21:39:32;Buy Limit;0.05;EURUSD;1.10100;1.08800;1.11300;2022.03.21 16:37:50;1.10392;;;;cancelled
2022.03.17 16:47:25;Buy Limit;0.05;EURUSD;1.09100;1.08800;1.11300;2022.03.21 14:07:42;1.10421;;;;cancelled
2022.03.18 18:42:48;Buy Limit;0.10;AUDCHF;0.67400;0.67200;0.69300;2022.03.21 13:45:23;0.68639;;;;cancelled
2022.03.21 11:41:17;Buy Limit;0.10;AUDCHF;0.67900;0.67200;0.69300;2022.03.21 13:44:56;0.68642;;;;cancelled
2022.03.17 13:31:02;Buy Limit;0.10;GBPCHF;1.21950;1.21500;1.24100;2022.03.21 11:55:12;1.22511;;;;cancelled
2022.03.18 18:42:02;Buy Limit;0.05;AUDCHF;0.68350;0.67200;0.69300;2022.03.21 11:51:07;0.68865;;;;cancelled
2022.03.18 18:42:28;Buy Limit;0.05;AUDCHF;0.67820;0.67200;0.69800;2022.03.21 11:40:56;0.68961;;;;cancelled
2022.03.18 18:39:58;Sell;0.05;AUDNZD;1.07402;1.08100;1.06300;2022.03.21 08:52:33;1.07267;;;4.65;
2022.03.18 16:28:29;Buy;0.05;EURUSD;1.10050;1.08800;1.11250;2022.03.18 21:37:20;1.10460;;;20.50;
2022.03.18 11:15:04;Sell Limit;0.05;AUDCAD;0.94550;0.94800;0.92800;2022.03.18 18:11:17;0.93459;;;;cancelled
2022.03.18 11:08:42;Sell Limit;0.05;AUDCAD;0.93950;0.94800;0.92800;2022.03.18 18:11:14;0.93461;;;;cancelled
2022.03.17 17:46:39;Buy;0.03;GBPUSD;1.31251;1.29500;1.32900;2022.03.18 13:59:54;1.31282;;-0.05;0.93;from #53611490
2022.03.18 13:55:25;Buy Limit;0.05;GBPUSD;1.30950;1.29500;1.32900;2022.03.18 13:59:52;1.31289;;;;cancelled
2022.03.18 13:53:52;Buy Limit;0.03;GBPUSD;1.30950;1.29500;1.32900;2022.03.18 13:54:29;1.31289;;;;cancelled
2022.03.18 09:53:45;Buy Limit;0.05;GBPUSD;1.30950;1.29500;1.32900;2022.03.18 13:51:58;1.31287;;;;cancelled
2022.03.17 17:46:39;Buy;0.05;GBPUSD;1.31251;1.29500;1.32350;2022.03.18 09:38:58;1.31674;;-0.09;21.15;to #53611497
2022.03.17 17:46:39;Buy;0.02;GBPUSD;1.31251;1.29500;1.32350;2022.03.18 09:38:28;1.31667;;-0.04;8.32;to #53611490
2022.03.17 19:00:52;Buy;0.05;USDCAD;1.26371;1.25700;1.27400;2022.03.18 08:43:58;1.26074;;-0.30;-11.78;
2022.03.15 20:44:00;Buy;0.05;USDCAD;1.27869;1.25700;1.27400;2022.03.18 08:43:49;1.26075;;-0.50;-71.15;
2022.03.16 22:55:47;Buy;0.05;USDCAD;1.26949;1.25700;1.27400;2022.03.18 08:43:46;1.26075;;-0.40;-34.66;
2022.03.16 17:08:25;Buy Limit;0.10;USDCAD;1.25900;1.25700;1.27400;2022.03.18 08:04:43;1.26164;;;;cancelled
2022.03.17 15:06:49;Buy;0.05;GBPUSD;1.31280;1.29500;1.33200;2022.03.17 17:46:26;1.31250;;;-1.50;
2022.03.17 11:30:59;Buy;0.05;AUDUSD;0.73294;0.71500;0.74100;2022.03.17 17:45:55;0.73515;;;11.05;
2022.03.17 17:02:49;Buy Limit;0.05;GBPCHF;1.22650;1.21500;1.25100;2022.03.17 17:14:30;1.22988;;;;cancelled
2022.03.17 16:43:21;Buy Limit;0.10;GBPCHF;1.22750;1.21500;1.25100;2022.03.17 16:59:01;1.23138;;;;cancelled
2022.03.15 18:02:27;Buy Limit;0.10;GBPCHF;1.22750;1.21500;1.25100;2022.03.17 16:42:00;1.23211;;;;cancelled
2022.03.17 15:47:54;Buy Limit;0.05;GBPUSD;1.30500;1.29500;1.33200;2022.03.17 16:01:56;1.30948;;;;cancelled
2022.03.17 11:24:15;Buy;0.05;EURUSD;1.10656;1.09300;1.11350;2022.03.17 16:01:23;1.10457;;;-9.95;
2022.03.17 15:09:08;Buy Limit;0.10;GBPUSD;1.30500;1.29700;1.33200;2022.03.17 15:47:32;1.30988;;;;cancelled
2022.03.17 13:47:05;Buy Limit;0.05;GBPCAD;1.66050;1.65400;1.68600;2022.03.17 15:05:18;1.66275;;;;cancelled
2022.03.14 16:39:51;Buy Limit;0.05;NZDCHF;0.62300;0.62100;0.64100;2022.03.17 13:37:43;0.64387;;;;cancelled
2022.03.14 16:39:31;Buy Limit;0.05;NZDCHF;0.62850;0.62100;0.64100;2022.03.17 13:37:38;0.64389;;;;cancelled
2022.03.16 10:40:21;Buy Limit;0.10;GBPCHF;1.22800;1.21500;1.25100;2022.03.17 13:21:25;1.23852;;;;cancelled
2022.03.14 14:12:47;Sell Limit;0.05;NZDCAD;0.87850;0.88200;0.86100;2022.03.17 12:17:10;0.86640;;;;cancelled
2022.03.14 14:11:49;Sell Limit;0.05;NZDCAD;0.87300;0.88200;0.86100;2022.03.17 12:17:08;0.86643;;;;cancelled
2022.03.14 14:30:07;Sell Limit;0.05;AUDCAD;0.93950;0.94300;0.92300;2022.03.17 12:16:23;0.92721;;;;cancelled
2022.03.14 14:29:16;Sell Limit;0.05;AUDCAD;0.93600;0.94300;0.92300;2022.03.17 12:16:21;0.92722;;;;cancelled
2022.03.17 11:55:47;Buy Limit;0.05;EURJPY;130.480;129.150;132.100;2022.03.17 12:13:28;131.075;;;;cancelled
2022.03.11 13:57:06;Buy Limit;0.05;EURAUD;1.49300;1.48700;1.54300;2022.03.17 11:48:18;1.50818;;;;cancelled
2022.03.16 17:36:53;Buy Limit;0.05;EURAUD;1.50100;1.48700;1.54300;2022.03.17 11:48:15;1.50818;;;;cancelled
2022.03.14 11:59:09;Sell Limit;0.05;AUDUSD;0.73640;0.73900;0.71850;2022.03.17 11:29:36;0.73287;;;;cancelled
2022.03.11 09:56:37;Buy Limit;0.05;EURUSD;1.08600;1.07800;1.11100;2022.03.17 11:23:01;1.10621;;;;cancelled
2022.03.16 16:52:16;Buy Limit;0.05;EURUSD;1.09100;1.07800;1.11100;2022.03.17 11:22:58;1.10618;;;;cancelled
2022.03.17 03:52:26;Sell;0.05;AUDUSD;0.73150;0.73900;0.71850;2022.03.17 10:40:18;0.73098;;;2.60;
2022.03.15 17:58:26;Sell;0.05;AUDJPY;85.241;86.700;84.700;2022.03.17 01:29:13;86.700;;-0.31;-61.35;[sl]
2022.03.16 22:45:44;Sell;0.05;AUDJPY;86.517;86.700;84.700;2022.03.17 01:29:13;86.700;;-0.23;-7.70;[sl]
2022.03.16 10:34:50;Buy;0.05;GBPCHF;1.22657;1.21400;1.23700;2022.03.17 00:35:37;1.23702;;-0.01;55.54;[tp]
2022.03.15 12:19:33;Buy Limit;0.05;GBPAUD;1.78800;1.78400;1.83600;2022.03.16 20:43:26;1.80549;;;;cancelled
2022.03.15 12:20:19;Buy Limit;0.05;GBPAUD;1.79950;1.78400;1.83600;2022.03.16 20:43:24;1.80555;;;;cancelled
2022.03.14 16:14:45;Buy Limit;0.05;EURUSD;1.08600;1.07900;1.11100;2022.03.16 20:23:16;1.09922;;;;cancelled
2022.03.16 18:51:46;Buy;0.04;EURAUD;1.51719;1.50700;1.54300;2022.03.16 18:57:11;1.51526;;;-5.60;
2022.03.15 10:42:53;Sell Limit;0.05;USDJPY;118.950;119.100;117.050;2022.03.16 18:11:22;118.367;;;;cancelled
2022.03.15 10:42:34;Sell Limit;0.05;USDJPY;118.550;119.100;117.050;2022.03.16 18:11:18;118.367;;;;cancelled
2022.03.16 16:45:52;Buy;0.05;USDCAD;1.26991;1.25700;1.28150;2022.03.16 17:59:38;1.27264;;;10.73;
2022.03.11 10:09:43;Buy Limit;0.05;GBPJPY;154.500;153.100;156.200;2022.03.16 17:44:39;154.685;;;;cancelled
2022.03.16 16:10:31;Buy Limit;0.05;USDCAD;1.26900;1.25700;1.28600;2022.03.16 16:45:40;1.26975;;;;cancelled
2022.03.14 17:54:13;Buy;0.04;EURUSD;1.09679;1.07900;1.11100;2022.03.16 16:45:00;1.09971;;-0.28;11.68;
2022.03.16 14:44:25;Buy Limit;0.10;USDCAD;1.26400;1.25700;1.28100;2022.03.16 16:10:02;1.27007;;;;cancelled
2022.03.16 12:21:17;Buy Limit;0.05;EURAUD;1.51350;1.48700;1.54300;2022.03.16 14:57:53;1.51834;;;;cancelled
2022.03.16 13:58:03;Buy Limit;0.05;USDCAD;1.26400;1.25700;1.28100;2022.03.16 14:44:06;1.27024;;;;cancelled
2022.03.16 13:57:45;Buy Limit;0.05;USDCAD;1.26900;1.25700;1.28100;2022.03.16 14:43:46;1.27028;;;;cancelled
2022.03.16 13:57:11;Buy Limit;0.10;USDCAD;1.26900;1.25700;1.28600;2022.03.16 14:40:52;1.27060;;;;cancelled
2022.03.14 14:56:15;Buy Limit;0.03;CADCHF;0.72950;0.72100;0.73900;2022.03.16 14:14:33;0.74038;;;;cancelled
2022.03.16 13:53:17;Buy Limit;0.10;USDCAD;1.26400;1.25700;1.28900;2022.03.16 13:56:44;1.27128;;;;cancelled
2022.03.16 10:14:33;Buy Limit;0.05;USDCAD;1.26400;1.25700;1.28900;2022.03.16 13:52:52;1.27162;;;;cancelled
2022.03.14 10:46:10;Buy Limit;0.05;USDCAD;1.26920;1.25700;1.28900;2022.03.16 13:52:49;1.27166;;;;cancelled
2022.03.16 12:49:55;Sell Limit;0.05;AUDCHF;0.68350;0.68800;0.66800;2022.03.16 13:41:15;0.68084;;;;cancelled
2022.03.15 21:01:14;Sell Limit;0.05;AUDCHF;0.68350;0.68800;0.66800;2022.03.16 12:47:47;0.67979;;;;cancelled
2022.03.14 14:53:53;Buy;0.03;CADCHF;0.73251;0.72100;0.73900;2022.03.16 11:42:43;0.73901;;-0.02;20.74;[tp]
2022.03.11 10:24:43;Buy Limit;0.05;EURAUD;1.51350;1.49000;1.54300;2022.03.16 10:44:14;1.51733;;;;cancelled
2022.03.16 10:37:08;Buy Limit;0.05;GBPCHF;1.22160;1.21400;1.23700;2022.03.16 10:39:37;1.22712;;;;cancelled
2022.03.09 12:27:35;Buy Limit;0.05;GBPCHF;1.22350;1.20900;1.22950;2022.03.16 10:33:44;1.22630;;;;cancelled
2022.03.14 13:11:20;Buy Limit;0.03;XAUUSD;1 890.00;1 877.00;2 050.00;2022.03.16 10:24:04;1 917.70;;;;cancelled
2022.03.15 12:18:50;Buy Limit;0.05;GBPAUD;1.79500;1.77200;1.83600;2022.03.16 09:53:52;1.80588;;;;cancelled
2022.03.14 10:45:41;Buy Limit;0.05;USDCAD;1.27600;1.26800;1.28900;2022.03.15 20:43:38;1.27867;;;;cancelled
2022.03.15 18:24:57;Sell;0.05;AUDJPY;85.172;86.700;83.900;2022.03.15 18:59:37;85.052;;;5.08;
2022.03.15 11:19:15;Sell Limit;0.05;AUDCHF;0.68200;0.68800;0.66800;2022.03.15 18:47:02;0.67908;;;;cancelled
2022.03.14 11:22:11;Sell;0.04;AUDNZD;1.06794;1.08100;1.06300;2022.03.15 18:24:07;1.06400;;;10.67;
2022.03.15 10:52:45;Sell Limit;0.05;AUDJPY;85.400;86.700;83.800;2022.03.15 17:56:52;85.261;;;;cancelled
2022.03.09 19:16:38;Buy;0.05;GBPCHF;1.21986;1.20900;1.22950;2022.03.15 17:47:33;1.22951;;-0.01;51.31;[tp]
2022.03.10 16:50:41;Buy;0.05;GBPCHF;1.22155;1.20900;1.22950;2022.03.15 17:40:03;1.22853;;;37.12;
2022.03.15 09:25:16;Buy Limit;0.02;XAUUSD;1 902.00;1 877.00;2 050.00;2022.03.15 17:16:38;1 911.05;;;;cancelled
2022.03.15 10:01:51;Buy;0.03;EURAUD;1.53007;1.49000;1.54300;2022.03.15 14:17:15;1.52731;;;-5.96;
2022.03.14 10:06:54;Buy;0.05;USDCAD;1.27839;1.26800;1.28780;2022.03.15 13:28:45;1.28565;;-0.10;28.23;
2022.03.14 18:02:01;Buy Limit;0.10;NZDUSD;0.65600;0.65200;0.68400;2022.03.15 11:36:40;0.67543;;;;cancelled
2022.03.14 12:28:04;Sell Limit;0.05;GBPUSD;1.32000;1.32600;1.30100;2022.03.15 10:55:53;1.30379;;;;cancelled
2022.03.14 12:27:21;Sell Limit;0.05;GBPUSD;1.31600;1.32600;1.30100;2022.03.15 10:55:51;1.30372;;;;cancelled
2022.03.11 13:57:24;Buy Limit;0.05;EURAUD;1.45700;1.45400;1.52400;2022.03.15 09:51:44;1.52959;;;;cancelled
2022.03.15 08:20:18;Buy;0.02;XAUUSD;1 930.96;1 919.00;2 050.00;2022.03.15 08:51:43;1 930.81;;;-0.30;
2022.03.14 22:05:50;Sell Limit;0.05;USDJPY;118.950;119.100;116.500;2022.03.14 22:11:05;118.089;;;;cancelled
2022.03.14 18:31:32;Sell Limit;0.05;USDJPY;118.550;119.100;116.500;2022.03.14 22:11:04;118.090;;;;cancelled
2022.03.14 18:32:14;Sell Limit;0.10;USDJPY;118.900;119.100;116.500;2022.03.14 22:05:13;118.082;;;;cancelled
2022.03.14 19:15:52;Sell Limit;0.05;XAUUSD;1 993.97;;;2022.03.14 19:41:29;1 958.72;;;;cancelled
2022.03.14 11:55:20;Sell;0.04;AUDUSD;0.72562;0.73900;0.71850;2022.03.14 19:23:29;0.72367;;;7.80;
2022.03.14 17:59:26;Buy Limit;0.05;NZDUSD;0.66200;0.65800;0.68400;2022.03.14 18:01:39;0.67995;;;;cancelled
2022.03.08 21:40:45;Buy Limit;0.05;NZDJPY;78.400;78.200;80.250;2022.03.14 17:07:00;80.089;;;;cancelled
2022.03.09 17:39:35;Buy Limit;0.05;NZDJPY;78.850;77.200;80.250;2022.03.14 17:06:57;80.088;;;;cancelled
2022.03.10 20:52:12;Buy Limit;0.05;NZDCHF;0.62900;0.62700;0.64300;2022.03.14 16:32:28;0.63537;;;;cancelled
2022.03.14 09:42:28;Buy;0.05;NZDCHF;0.63450;0.62700;0.64300;2022.03.14 16:32:25;0.63518;;;3.63;
2022.03.09 20:47:24;Buy Limit;0.05;AUDCHF;0.66750;0.66300;0.68100;2022.03.14 13:57:42;0.67751;;;;cancelled
2022.03.09 20:47:02;Buy Limit;0.05;AUDCHF;0.67150;0.66300;0.68100;2022.03.14 13:57:41;0.67750;;;;cancelled
2022.03.14 12:25:56;Sell Limit;0.04;GBPUSD;1.31600;1.32600;1.30100;2022.03.14 12:27:00;1.30525;;;;cancelled
2022.03.11 19:57:30;Buy;0.05;EURUSD;1.09147;1.07900;1.10400;2022.03.14 11:31:53;1.09488;;-0.17;17.05;
2022.03.08 17:09:25;Sell Limit;0.10;USDCAD;1.29550;1.29800;1.27300;2022.03.14 10:05:00;1.27829;;;;cancelled
2022.03.09 21:07:08;Sell Limit;0.05;USDCAD;1.28870;1.29800;1.27300;2022.03.14 10:04:57;1.27831;;;;cancelled
2022.03.03 21:29:53;Sell;0.05;USDCAD;1.26787;1.29800;1.26500;2022.03.14 10:04:55;1.27844;;-0.75;-41.34;
2022.03.07 16:26:15;Buy Limit;0.10;AUDUSD;0.71750;0.71300;0.74100;2022.03.14 10:04:06;0.72394;;;;cancelled
2022.03.07 08:14:26;Buy;0.05;AUDUSD;0.74195;0.71300;0.74100;2022.03.14 10:04:03;0.72377;;-0.69;-90.90;
2022.03.14 07:32:24;Buy;0.05;AUDUSD;0.72498;0.72250;0.74100;2022.03.14 10:04:01;0.72379;;;-5.95;
2022.03.07 13:33:44;Buy Limit;0.10;NZDCAD;0.85500;0.85100;0.88700;2022.03.11 20:41:46;0.86650;;;;cancelled
2022.03.07 14:05:08;Buy Limit;0.05;NZDCAD;0.86050;0.85100;0.88700;2022.03.11 20:41:43;0.86650;;;;cancelled
2022.03.08 19:03:24;Buy Limit;0.05;NZDUSD;0.66900;0.66600;0.68900;2022.03.11 19:12:41;0.68171;;;;cancelled
2022.03.10 16:14:44;Buy Limit;0.04;AUDUSD;0.72500;0.72250;0.74100;2022.03.11 13:27:45;0.73249;;;;cancelled
2022.03.02 16:48:31;Buy Limit;0.05;AUDCAD;0.91400;0.91300;0.94600;2022.03.11 12:36:41;0.93416;;;;cancelled
2022.03.02 16:46:24;Buy Limit;0.05;AUDCAD;0.91700;0.91300;0.94600;2022.03.11 12:36:39;0.93414;;;;cancelled
2022.03.03 16:00:12;Buy Limit;0.05;AUDCAD;0.92400;0.91300;0.94600;2022.03.11 12:36:37;0.93412;;;;cancelled
2022.03.10 12:13:21;Buy Limit;0.05;AUDJPY;83.400;83.100;85.800;2022.03.11 09:46:40;85.858;;;;cancelled
2022.03.10 12:12:56;Buy Limit;0.05;AUDJPY;84.150;83.100;85.800;2022.03.11 09:46:38;85.863;;;;cancelled
2022.03.11 05:44:00;Sell;0.10;USDJPY;116.459;116.650;115.050;2022.03.11 07:14:31;116.650;;;-16.37;[sl]
2022.03.07 20:15:54;Sell;0.05;USDJPY;115.343;116.650;115.050;2022.03.11 07:14:31;116.650;;-0.55;-56.02;[sl]
2022.03.07 18:28:10;Sell;0.05;USDJPY;115.449;116.650;115.050;2022.03.11 07:14:31;116.650;;-0.55;-51.48;[sl]
2022.03.10 16:13:19;Buy;0.03;AUDUSD;0.73450;0.72250;0.74100;2022.03.10 20:08:37;0.73565;;;3.45;
2022.03.10 16:22:21;Buy Limit;0.05;GBPJPY;151.050;150.850;153.900;2022.03.10 17:10:42;152.549;;;;cancelled
2022.03.10 16:21:19;Buy Limit;0.05;GBPJPY;151.620;150.850;153.900;2022.03.10 17:10:40;152.548;;;;cancelled
2022.03.10 11:59:24;Buy Limit;0.05;GBPCHF;1.21850;1.20950;1.22900;2022.03.10 16:50:10;1.22145;;;;cancelled
2022.03.09 10:39:45;Buy Limit;0.05;AUDUSD;0.72700;0.72250;0.74100;2022.03.10 16:14:25;0.73441;;;;cancelled
2022.03.08 21:41:14;Buy Limit;0.10;NZDJPY;76.900;76.400;79.900;2022.03.10 12:37:46;79.405;;;;cancelled
2022.03.08 18:20:30;Sell Limit;0.10;USDCAD;1.29200;1.29800;1.27500;2022.03.09 21:05:28;1.28344;;;;cancelled
2022.03.09 13:25:11;Sell Limit;0.05;GBPUSD;1.34150;1.34500;1.31200;2022.03.09 20:41:45;1.31743;;;;cancelled
2022.03.09 13:24:57;Sell Limit;0.05;GBPUSD;1.33300;1.34500;1.31200;2022.03.09 20:41:43;1.31750;;;;cancelled
2022.03.08 21:26:19;Buy Limit;0.05;AUDCHF;0.66550;0.66300;0.68100;2022.03.09 19:40:55;0.67760;;;;cancelled
2022.03.03 16:39:46;Buy Limit;0.10;AUDCHF;0.66750;0.66300;0.68100;2022.03.09 19:40:53;0.67761;;;;cancelled
2022.03.09 09:54:01;Sell Limit;0.05;GBPCAD;1.69950;1.70300;1.67400;2022.03.09 19:29:00;1.68852;;;;cancelled
2022.03.09 17:00:09;Buy Limit;0.05;GBPCHF;1.21550;1.20900;1.22950;2022.03.09 19:16:24;1.21987;;;;cancelled
2022.03.09 11:54:11;Buy Limit;0.05;AUDJPY;83.300;83.000;85.800;2022.03.09 18:30:23;84.784;;;;cancelled
2022.03.09 11:53:33;Buy Limit;0.05;AUDJPY;83.800;83.000;85.800;2022.03.09 18:30:20;84.784;;;;cancelled
2022.03.09 15:01:56;Buy;0.05;GBPCHF;1.22051;1.20900;1.22400;2022.03.09 16:56:35;1.22269;;;11.74;
2022.03.08 21:40:22;Buy Limit;0.05;NZDJPY;77.950;76.400;79.950;2022.03.09 16:02:19;79.223;;;;cancelled
2022.03.09 08:09:07;Buy Limit;0.05;GBPCHF;1.21200;1.20900;1.22450;2022.03.09 15:01:45;1.22053;;;;cancelled
2022.03.09 09:04:05;Sell Limit;0.05;EURCAD;1.41700;1.42100;1.39700;2022.03.09 14:02:10;1.40837;;;;cancelled
2022.03.09 09:03:33;Sell;0.05;EURCAD;1.40474;1.42100;1.39700;2022.03.09 14:02:08;1.40864;;;-15.20;
2022.03.09 12:02:32;Buy;0.05;GBPCHF;1.22092;1.21100;1.22450;2022.03.09 12:25:34;1.22194;;;5.50;
2022.03.07 11:06:37;Sell Limit;0.10;GBPUSD;1.34100;1.34600;1.30900;2022.03.09 12:07:41;1.31658;;;;cancelled
2022.03.07 13:48:50;Sell Limit;0.10;GBPUSD;1.33300;1.34600;1.30900;2022.03.09 12:07:39;1.31658;;;;cancelled
2022.03.09 10:46:04;Buy Limit;0.05;GBPCHF;1.21050;1.20900;1.22400;2022.03.09 12:02:39;1.22092;;;;cancelled
2022.03.09 09:53:37;Sell Limit;0.05;GBPCAD;1.69300;1.70300;1.67400;2022.03.09 11:42:22;1.68699;;;;cancelled
2022.03.08 13:59:12;Buy;0.05;AUDUSD;0.72979;0.71300;0.73400;2022.03.09 10:39:00;0.73122;;-0.10;7.15;
2022.03.09 10:25:54;Buy;0.05;GBPCHF;1.22002;1.21100;1.22400;2022.03.09 10:26:49;1.21963;;;-2.11;
2022.03.09 09:38:18;Buy Limit;0.05;GBPCHF;1.21050;1.20900;1.22400;2022.03.09 10:26:02;1.22002;;;;cancelled
2022.03.09 09:46:10;Sell Limit;0.05;GBPJPY;154.800;155.400;150.900;2022.03.09 10:23:33;152.137;;;;cancelled
2022.03.09 09:45:51;Sell Limit;0.05;GBPJPY;153.950;155.400;150.900;2022.03.09 10:23:31;152.129;;;;cancelled
2022.03.09 08:08:20;Buy;0.05;GBPCHF;1.21762;1.20900;1.22400;2022.03.09 09:36:13;1.21832;;;3.77;
2022.03.07 16:46:51;Sell;0.04;EURCAD;1.39017;1.42100;1.39100;2022.03.09 08:24:33;1.40697;;-0.04;-52.18;
2022.03.07 16:50:44;Sell Limit;0.06;EURCAD;1.41700;1.42100;1.39100;2022.03.09 08:24:31;1.40673;;;;cancelled
2022.03.08 15:28:18;Sell;0.05;EURCAD;1.39950;1.42100;1.39100;2022.03.09 08:24:29;1.40697;;-0.02;-29.01;
2022.03.03 17:33:00;Buy Limit;0.05;AUDCHF;0.67150;0.66300;0.68500;2022.03.08 20:46:44;0.67567;;;;cancelled
2022.03.07 12:09:23;Sell Limit;0.05;GBPCHF;1.23800;1.24300;1.21400;2022.03.08 20:06:48;1.21963;;;;cancelled
2022.03.04 19:37:49;Sell Limit;0.05;GBPNZD;1.97450;1.98100;1.89800;2022.03.08 19:47:31;1.92350;;;;cancelled
2022.03.04 19:29:33;Sell Limit;0.05;GBPNZD;1.96800;1.98100;1.89800;2022.03.08 19:47:27;1.92349;;;;cancelled
2022.03.04 19:09:52;Sell Limit;0.05;GBPNZD;1.95950;1.98100;1.89800;2022.03.08 19:47:24;1.92361;;;;cancelled
2022.03.07 15:39:43;Sell Limit;0.05;EURNZD;1.63800;1.64300;1.56600;2022.03.08 19:32:10;1.60323;;;;cancelled
2022.03.07 15:39:19;Sell Limit;0.05;EURNZD;1.62500;1.64300;1.56600;2022.03.08 19:32:07;1.60329;;;;cancelled
2022.03.04 12:54:32;Sell Limit;0.05;EURJPY;128.250;129.100;125.100;2022.03.08 19:19:15;126.378;;;;cancelled
2022.03.04 12:54:05;Sell Limit;0.05;EURJPY;127.600;129.100;125.100;2022.03.08 19:19:12;126.384;;;;cancelled
2022.03.08 19:02:42;Buy Limit;0.10;NZDUSD;0.67750;0.66600;0.68950;2022.03.08 19:02:55;0.68129;;;;cancelled
2022.03.07 16:56:51;Buy Limit;0.10;NZDUSD;0.66900;0.66600;0.69700;2022.03.08 19:02:15;0.68124;;;;cancelled
2022.03.07 16:56:24;Buy Limit;0.10;NZDUSD;0.67400;0.66600;0.69700;2022.03.08 19:02:12;0.68124;;;;cancelled
2022.03.04 18:39:33;Buy Limit;0.05;AUDJPY;82.800;82.600;85.150;2022.03.08 18:59:04;83.983;;;;cancelled
2022.03.04 18:38:32;Buy Limit;0.05;AUDJPY;83.720;82.600;85.150;2022.03.08 18:59:01;83.983;;;;cancelled
2022.03.03 20:45:17;Sell Limit;0.05;GBPAUD;1.84200;1.85200;1.77500;2022.03.08 18:25:58;1.80535;;;;cancelled
2022.03.03 20:45:33;Sell Limit;0.05;GBPAUD;1.83100;1.85200;1.77500;2022.03.08 18:25:55;1.80530;;;;cancelled
2022.03.08 18:17:44;Sell Limit;0.05;USDCAD;1.29000;1.29800;1.27500;2022.03.08 18:20:12;1.28833;;;;cancelled
2022.03.08 17:09:01;Sell Limit;0.10;USDCAD;1.29000;1.29800;1.27500;2022.03.08 18:17:21;1.28893;;;;cancelled
2022.03.04 20:08:08;Sell Limit;0.05;GBPJPY;154.800;155.400;150.900;2022.03.08 18:06:56;151.551;;;;cancelled
2022.03.04 20:06:26;Sell Limit;0.05;GBPJPY;153.900;155.400;150.900;2022.03.08 18:06:54;151.551;;;;cancelled
2022.03.07 18:19:36;Sell Limit;0.05;CADJPY;92.150;92.600;89.700;2022.03.08 17:12:24;89.807;;;;cancelled
2022.03.07 09:52:45;Sell Limit;0.05;CADJPY;91.350;92.600;89.700;2022.03.08 17:12:22;89.806;;;;cancelled
2022.03.08 17:06:20;Sell Limit;0.05;USDCAD;1.29400;1.29800;1.27500;2022.03.08 17:08:42;1.28607;;;;cancelled
2022.03.08 17:06:03;Sell Limit;0.05;USDCAD;1.29000;1.29800;1.27500;2022.03.08 17:08:38;1.28618;;;;cancelled
2022.03.07 20:11:36;Sell Limit;0.10;USDCAD;1.29000;1.29800;1.26450;2022.03.08 17:02:52;1.28544;;;;cancelled
2022.03.07 12:09:04;Sell Limit;0.05;GBPCHF;1.23000;1.24300;1.21400;2022.03.08 17:01:25;1.21851;;;;cancelled
2022.03.07 15:31:42;Buy Limit;0.03;XAUUSD;1 930.00;1 910.00;1 998.00;2022.03.08 16:19:14;2 015.04;;;;cancelled
2022.03.07 18:28:39;Sell Limit;0.05;USDJPY;116.000;116.450;114.750;2022.03.08 15:09:07;115.712;;;;cancelled
2022.03.07 14:03:45;Buy;0.05;NZDCAD;0.87577;0.85100;0.88650;2022.03.08 14:09:19;0.87653;;-0.10;2.96;
2022.03.08 13:24:23;Buy Limit;0.05;AUDUSD;0.72700;0.71300;0.74100;2022.03.08 14:00:00;0.72974;;;;cancelled
2022.03.08 10:26:58;Sell;0.05;EURCAD;1.39947;1.42000;1.38100;2022.03.08 13:29:39;1.39728;;;8.54;
2022.03.08 09:07:32;Buy;0.05;AUDUSD;0.72750;0.71300;0.74100;2022.03.08 13:23:55;0.72940;;;9.50;
2022.03.07 16:48:41;Sell Limit;0.04;EURCAD;1.39950;1.42000;1.38100;2022.03.07 20:31:18;1.39377;;;;cancelled
2022.03.04 17:41:17;Sell Limit;0.05;USDCAD;1.29000;1.29800;1.26450;2022.03.07 20:11:15;1.27797;;;;cancelled
2022.03.04 14:24:22;Sell Limit;0.05;USDCAD;1.28050;1.29800;1.26450;2022.03.07 20:10:58;1.27804;;;;cancelled
2022.03.03 15:54:03;Sell Limit;0.05;GBPCAD;1.69950;1.70400;1.67400;2022.03.07 19:20:44;1.67667;;;;cancelled
2022.03.03 15:53:44;Sell Limit;0.05;GBPCAD;1.69300;1.70400;1.67400;2022.03.07 19:20:43;1.67667;;;;cancelled
2022.03.07 16:17:15;Sell Limit;0.05;EURGBP;0.83950;0.84150;0.82100;2022.03.07 18:41:25;0.82788;;;;cancelled
2022.03.07 16:14:16;Sell Limit;0.05;EURGBP;0.83400;0.84150;0.82100;2022.03.07 18:41:23;0.82786;;;;cancelled
2022.03.07 09:52:03;Sell;0.05;CADJPY;90.518;92.100;89.700;2022.03.07 18:14:11;90.439;;;3.42;
2022.03.04 09:57:11;Buy Limit;0.05;NZDUSD;0.67500;0.67300;0.69900;2022.03.07 16:56:04;0.68436;;;;cancelled
2022.03.04 09:56:48;Buy Limit;0.05;NZDUSD;0.67900;0.67300;0.69900;2022.03.07 16:56:01;0.68438;;;;cancelled
2022.03.07 13:32:47;Buy Limit;0.10;NZDCAD;0.86300;0.85100;0.88700;2022.03.07 14:04:45;0.87544;;;;cancelled
2022.03.07 11:06:14;Sell Limit;0.05;GBPUSD;1.33300;1.34600;1.30900;2022.03.07 13:48:31;1.31538;;;;cancelled
2022.03.04 21:31:40;Sell;0.05;USDCAD;1.27167;1.28900;1.26450;2022.03.07 12:05:28;1.27130;;-0.07;1.46;
2022.03.04 10:09:57;Buy Limit;0.05;AUDUSD;0.72000;0.71500;0.73900;2022.03.07 08:15:44;0.74173;;;;cancelled
2022.03.02 17:23:58;Buy Limit;0.05;AUDUSD;0.72000;0.71500;0.73900;2022.03.07 08:15:40;0.74170;;;;cancelled
2022.03.04 13:15:04;Sell;0.05;USDCAD;1.27400;1.28900;1.26300;2022.03.04 21:31:23;1.27179;;;8.69;
2022.03.04 18:28:17;Sell Limit;0.05;CADJPY;90.800;91.300;89.650;2022.03.04 19:31:33;90.150;;;;cancelled
2022.03.04 19:07:51;Sell;0.04;GBPNZD;1.92899;1.97100;1.89800;2022.03.04 19:27:36;1.92788;;;3.05;
2022.03.03 14:56:46;Sell Limit;0.05;EURNZD;1.64700;1.65100;1.61300;2022.03.04 19:15:54;1.59255;;;;cancelled
2022.03.03 18:58:25;Sell Limit;0.05;EURNZD;1.63800;1.65100;1.61300;2022.03.04 19:15:53;1.59255;;;;cancelled
2022.03.03 15:44:12;Sell Limit;0.05;GBPNZD;2.00600;2.01500;1.96600;2022.03.04 19:05:45;1.92941;;;;cancelled
2022.03.03 15:43:33;Sell Limit;0.05;GBPNZD;1.99800;2.01500;1.96600;2022.03.04 19:05:43;1.92941;;;;cancelled
2022.03.02 20:25:45;Buy Limit;0.05;AUDJPY;83.300;83.100;85.800;2022.03.04 18:30:26;84.329;;;;cancelled
2022.03.02 20:25:28;Buy Limit;0.05;AUDJPY;83.700;83.100;85.800;2022.03.04 18:30:22;84.322;;;;cancelled
2022.03.04 15:19:39;Buy Limit;0.10;CADJPY;89.650;89.100;91.400;2022.03.04 18:12:42;89.865;;;;cancelled
2022.03.02 21:04:20;Buy;0.05;CADJPY;91.457;89.100;91.400;2022.03.04 18:12:38;89.854;;-0.19;-69.82;
2022.03.04 11:20:23;Buy;0.05;CADJPY;90.700;89.100;91.400;2022.03.04 18:12:36;89.859;;;-36.64;
2022.03.04 10:39:29;Buy Limit;0.05;AUDCHF;0.67150;0.66350;0.67800;2022.03.04 17:47:08;0.67501;;;;cancelled
2022.03.02 21:05:32;Buy Limit;0.05;CADJPY;89.650;89.150;91.800;2022.03.04 15:19:18;90.448;;;;cancelled
2022.03.04 14:35:39;Buy Limit;0.05;CADJPY;90.100;89.150;91.800;2022.03.04 15:19:14;90.465;;;;cancelled
2022.03.04 15:13:43;Buy Limit;0.05;GBPCHF;1.21300;1.21100;1.22800;2022.03.04 15:18:15;1.21963;;;;cancelled
2022.03.04 15:13:13;Buy Limit;0.05;GBPCHF;1.21600;1.21100;1.22800;2022.03.04 15:18:13;1.21961;;;;cancelled
2022.03.03 21:01:20;Sell Limit;0.10;USDCAD;1.28050;1.28300;1.25950;2022.03.04 14:24:07;1.27540;;;;cancelled
2022.03.02 16:40:33;Buy Limit;0.05;GBPCHF;1.21300;1.21200;1.23700;2022.03.04 14:01:20;1.21962;;;;cancelled
2022.03.02 16:40:17;Buy Limit;0.05;GBPCHF;1.21600;1.21200;1.23700;2022.03.04 14:01:18;1.21965;;;;cancelled
2022.03.03 20:51:34;Buy;0.05;AUDCHF;0.67362;0.66350;0.67800;2022.03.04 10:36:04;0.67753;;-0.04;21.26;
2022.03.02 17:29:52;Buy Limit;0.10;NZDUSD;0.66900;0.66600;0.68500;2022.03.04 09:56:28;0.68213;;;;cancelled
2022.03.03 11:11:02;Buy Limit;0.05;GBPJPY;152.850;152.500;156.300;2022.03.03 19:30:52;154.055;;;;cancelled
2022.03.03 11:09:45;Buy Limit;0.05;GBPJPY;153.250;152.500;156.300;2022.03.03 19:09:22;154.220;;;;cancelled
2022.03.03 14:56:05;Sell;0.05;EURNZD;1.63320;1.65100;1.61300;2022.03.03 18:53:25;1.62904;;;14.11;
2022.03.03 16:37:38;Buy;0.05;AUDCHF;0.67351;0.66350;0.67800;2022.03.03 17:31:14;0.67485;;;7.28;
2022.03.02 16:46:09;Buy;0.05;AUDCAD;0.92297;0.91250;0.92800;2022.03.03 15:59:17;0.92499;;-0.39;7.99;
2022.03.02 17:03:32;Buy;0.05;EURGBP;0.83179;0.82600;0.83300;2022.03.03 15:27:34;0.82750;;-0.98;-28.71;
2022.03.03 14:58:52;Buy;0.05;EURGBP;0.82800;0.82600;0.83300;2022.03.03 15:27:32;0.82750;;;-3.35;
2022.03.02 19:28:11;Sell Limit;0.10;EURNZD;1.65850;1.66100;1.61300;2022.03.03 14:53:42;1.63368;;;;cancelled
2022.03.02 19:27:47;Sell Limit;0.05;EURNZD;1.65400;1.66100;1.61300;2022.03.03 14:53:40;1.63363;;;;cancelled
2022.03.03 06:05:36;Buy;0.05;EURGBP;0.82860;0.82600;0.83100;2022.03.03 14:01:28;0.82892;;;2.14;
2022.03.03 04:50:00;Sell;0.05;GBPJPY;154.950;155.200;153.200;2022.03.03 08:54:26;155.200;;;-10.81;[sl]
2022.03.02 18:42:06;Sell;0.05;GBPJPY;154.309;155.200;153.200;2022.03.03 08:54:26;155.200;;-0.65;-38.50;[sl]
2022.03.02 19:54:01;Sell Limit;0.05;EURJPY;130.150;130.300;127.500;2022.03.02 20:46:13;128.564;;;;cancelled
2022.03.02 19:48:39;Sell Limit;0.05;EURJPY;129.950;130.300;127.500;2022.03.02 20:46:11;128.560;;;;cancelled
2022.03.02 19:48:22;Sell Limit;0.05;EURJPY;129.200;130.300;127.500;2022.03.02 20:46:09;128.563;;;;cancelled
2022.03.02 18:44:58;Sell Limit;0.10;GBPJPY;154.950;155.200;153.200;2022.03.02 20:32:50;154.538;;;;cancelled
2022.03.02 18:43:39;Sell Limit;0.05;GBPJPY;154.900;155.200;153.200;2022.03.02 18:44:32;154.324;;;;cancelled
2022.03.02 15:41:50;Sell Limit;0.05;USDCAD;1.28050;1.28300;1.26100;2022.03.02 16:27:36;1.26916;;;;cancelled
2022.02.28 14:06:45;Buy Limit;0.05;AUDCAD;0.91950;0.91300;0.92800;2022.03.02 16:27:36;0.92387;;;;cancelled
2022.03.02 15:41:30;Sell Limit;0.05;USDCAD;1.27350;1.28300;1.26100;2022.03.02 16:27:35;1.26918;;;;cancelled
2022.03.02 12:13:10;Buy Limit;0.05;GBPCHF;1.21450;1.21200;1.22850;2022.03.02 16:27:34;1.22967;;;;cancelled
2022.03.02 12:12:42;Buy Limit;0.05;GBPCHF;1.21800;1.21200;1.22850;2022.03.02 16:27:33;1.22967;;;;cancelled
2022.03.02 11:10:12;Buy Limit;0.05;AUDJPY;82.080;81.850;84.900;2022.03.02 16:27:33;83.998;;;;cancelled
2022.03.02 11:09:56;Buy Limit;0.05;AUDJPY;82.750;81.850;84.900;2022.03.02 16:27:32;83.998;;;;cancelled
2022.03.02 09:58:54;Sell Limit;0.05;EURNZD;1.65850;1.66100;1.61300;2022.03.02 16:27:31;1.63740;;;;cancelled
2022.03.02 09:58:35;Sell Limit;0.05;EURNZD;1.65400;1.66100;1.61300;2022.03.02 16:27:31;1.63740;;;;cancelled
2022.03.01 14:30:53;Buy Limit;0.05;NZDUSD;0.67200;0.66600;0.68500;2022.03.02 16:27:30;0.67757;;;;cancelled
2022.03.01 08:57:28;Buy Limit;0.05;NZDUSD;0.66900;0.66600;0.68500;2022.03.02 16:27:29;0.67757;;;;cancelled
2022.02.28 21:21:47;Sell Limit;0.05;GBPCAD;1.69950;1.71200;1.68200;2022.03.02 16:27:28;1.69466;;;;cancelled
2022.02.28 21:21:31;Sell Limit;0.05;GBPCAD;1.70700;1.71200;1.68200;2022.03.02 16:27:28;1.69466;;;;cancelled
2022.02.28 20:23:48;Sell Limit;0.05;EURAUD;1.55800;1.56100;1.53100;2022.03.02 16:27:27;1.52439;;;;cancelled
2022.02.28 20:19:01;Buy Limit;0.10;NAS100.fs;13 040.00;12 970.00;14 300.00;2022.03.02 16:27:26;14 051.00;;;;cancelled
2022.02.28 20:18:47;Buy Limit;0.10;NAS100.fs;13 170.00;12 970.00;14 300.00;2022.03.02 16:27:25;14 051.25;;;;cancelled
2022.02.28 14:07:01;Buy Limit;0.05;AUDCAD;0.91550;0.91300;0.92800;2022.03.02 16:27:25;0.92380;;;;cancelled
2022.02.28 10:45:46;Sell Limit;0.05;EURAUD;1.55150;1.56100;1.53100;2022.03.02 16:27:22;1.52429;;;;cancelled
2022.02.28 08:44:26;Buy Limit;0.05;AUDUSD;0.71900;0.71300;0.72950;2022.03.02 16:27:20;0.72782;;;;cancelled
2022.02.28 08:41:44;Buy Limit;0.05;AUDUSD;0.71450;0.71300;0.72950;2022.03.02 16:27:19;0.72782;;;;cancelled
2022.02.25 14:32:15;Sell Limit;0.10;GBPAUD;1.86250;1.86600;1.83500;2022.03.02 16:27:18;1.83470;;;;cancelled
2022.02.25 14:31:49;Sell Limit;0.05;GBPAUD;1.85600;1.86600;1.83500;2022.03.02 16:27:17;1.83470;;;;cancelled
2022.03.01 19:23:16;Sell;0.05;GBPJPY;152.887;155.200;153.150;2022.03.02 16:26:26;154.120;;-0.22;-53.42;
2022.03.02 16:16:57;Sell Limit;0.10;GBPJPY;154.900;155.200;153.150;2022.03.02 16:26:23;154.103;;;;cancelled
2022.03.02 16:16:27;Sell Limit;0.05;GBPJPY;154.500;155.200;153.150;2022.03.02 16:26:22;154.106;;;;cancelled
2022.03.02 15:11:24;Sell Limit;0.05;GBPJPY;154.650;155.200;153.150;2022.03.02 16:16:33;153.962;;;;cancelled
2022.03.02 16:09:37;Sell;0.05;GBPJPY;153.912;155.200;153.150;2022.03.02 16:15:25;153.933;;;-0.91;
2022.03.01 19:23:39;Sell Limit;0.05;GBPJPY;154.500;155.200;153.150;2022.03.02 16:09:25;153.919;;;;cancelled
2022.03.01 21:02:53;Sell;0.05;USDCAD;1.27338;1.27300;1.26720;2022.03.02 15:32:01;1.26915;;-0.07;16.66;
2022.03.01 19:03:17;Sell Limit;0.05;USDCAD;1.28050;1.28300;1.26700;2022.03.02 15:14:21;1.26846;;;;cancelled
2022.03.02 10:15:17;Sell Limit;0.05;EURNZD;1.64800;1.66100;1.61300;2022.03.02 14:17:35;1.64025;;;;cancelled
2022.03.02 09:57:55;Sell;0.03;EURNZD;1.64053;1.66100;1.61300;2022.03.02 14:16:09;1.64045;;;0.17;
2022.03.01 20:09:53;Sell Limit;0.05;EURJPY;129.220;129.800;127.600;2022.03.02 12:15:37;127.707;;;;cancelled
2022.03.01 20:09:16;Sell Limit;0.05;EURJPY;128.950;129.800;127.600;2022.03.02 12:15:35;127.718;;;;cancelled
2022.03.02 09:58:14;Sell Limit;0.03;EURNZD;1.64800;1.66100;1.61400;2022.03.02 10:14:57;1.63854;;;;cancelled
2022.02.25 09:29:44;Buy Limit;0.05;EURGBP;0.82900;0.82600;0.83950;2022.03.02 10:13:58;0.83464;;;;cancelled
2022.03.01 21:08:35;Buy Limit;0.05;EURGBP;0.83100;0.82700;0.93950;2022.03.02 10:13:56;0.83464;;;;cancelled
2022.02.28 10:21:47;Buy;0.05;EURGBP;0.83607;0.82600;0.83950;2022.03.02 10:13:53;0.83453;;-0.66;-10.23;
2022.02.28 12:26:32;Sell Limit;0.05;GBPNZD;1.99750;2.01500;1.98600;2022.03.02 09:25:52;1.96420;;;;cancelled
2022.02.28 12:26:47;Sell Limit;0.05;GBPNZD;2.00600;2.01500;1.98600;2022.03.02 09:25:50;1.96420;;;;cancelled
2022.02.28 21:34:15;Sell Limit;0.05;GBPNZD;2.01200;2.01500;1.98600;2022.03.02 09:25:48;1.96414;;;;cancelled
2022.02.28 00:01:00;Buy;0.05;EURGBP;0.83552;0.82600;0.83950;2022.03.01 21:08:16;0.83488;;-0.33;-4.26;
2022.03.01 19:02:59;Sell Limit;0.05;USDCAD;1.27650;1.28300;1.26100;2022.03.01 21:02:44;1.27346;;;;cancelled
2022.03.01 11:10:32;Buy Limit;0.05;GBPCHF;1.21450;1.21100;1.23700;2022.03.01 19:13:45;1.22466;;;;cancelled
2022.03.01 11:10:18;Buy Limit;0.05;GBPCHF;1.21700;1.21100;1.23700;2022.03.01 19:13:43;1.22459;;;;cancelled
2022.02.28 19:07:18;Sell Limit;0.10;USDCAD;1.28050;1.28300;1.26100;2022.03.01 18:59:31;1.27096;;;;cancelled
2022.02.28 19:06:56;Sell Limit;0.05;USDCAD;1.27600;1.28300;1.26100;2022.03.01 18:59:29;1.27096;;;;cancelled
2022.03.01 18:17:25;Buy Limit;0.05;AUDJPY;82.350;81.900;84.900;2022.03.01 18:50:42;83.304;;;;cancelled
2022.02.28 14:20:05;Buy Limit;0.10;AUDJPY;82.400;81.900;84.900;2022.03.01 18:50:39;83.302;;;;cancelled
2022.02.28 18:16:16;Buy Limit;0.05;CADJPY;89.650;89.100;92.100;2022.03.01 18:50:02;90.430;;;;cancelled
2022.02.28 08:03:26;Buy;0.05;EURUSD;1.11613;1.10800;1.12900;2022.03.01 18:21:40;1.11176;;-0.17;-21.85;
2022.02.24 19:38:10;Buy Limit;0.05;EURUSD;1.11100;1.10600;1.12900;2022.03.01 18:18:42;1.11224;;;;cancelled
2022.03.01 12:47:49;Buy;0.05;AUDJPY;83.477;81.900;84.900;2022.03.01 17:47:34;83.322;;;-6.76;
2022.02.28 18:15:29;Buy Limit;0.05;CADJPY;90.300;89.100;92.100;2022.03.01 17:47:28;90.407;;;;cancelled
2022.03.01 15:36:27;Buy Limit;0.05;EURJPY;127.450;127.100;129.900;2022.03.01 16:14:32;128.050;;;;cancelled
2022.03.01 15:35:45;Buy Limit;0.05;EURJPY;127.750;127.100;129.900;2022.03.01 16:14:29;128.042;;;;cancelled
2022.02.28 10:36:29;Buy Limit;0.05;EURJPY;127.500;127.100;130.400;2022.03.01 15:06:05;128.188;;;;cancelled
2022.02.24 19:37:38;Buy Limit;0.05;EURUSD;1.11100;1.10600;1.13300;2022.03.01 14:59:43;1.11594;;;;cancelled
2022.02.28 11:13:35;Buy Limit;0.05;NZDUSD;0.67100;0.66600;0.68500;2022.03.01 14:36:03;0.67742;;;;cancelled
2022.02.28 10:36:06;Buy Limit;0.05;EURJPY;127.750;127.100;130.400;2022.03.01 14:14:29;128.219;;;;cancelled
2022.03.01 13:26:07;Buy Limit;0.05;GBPJPY;153.500;152.800;156.300;2022.03.01 13:57:33;153.914;;;;cancelled
2022.03.01 13:23:53;Buy;0.05;GBPJPY;154.113;152.800;156.300;2022.03.01 13:55:46;153.892;;;-9.63;
2022.02.28 08:37:57;Buy;0.05;AUDUSD;0.71909;0.71300;0.72900;2022.03.01 13:28:23;0.72722;;-0.10;40.65;
2022.02.28 11:13:21;Buy;0.05;NZDUSD;0.67145;0.66200;0.68500;2022.03.01 13:28:01;0.67694;;;27.45;
2022.02.28 21:48:34;Sell;0.04;GBPAUD;1.84726;1.86600;1.83500;2022.03.01 13:19:40;1.84496;;-0.15;6.70;
2022.02.28 14:18:11;Buy;0.05;AUDJPY;83.433;81.900;84.900;2022.03.01 12:40:52;83.450;;-0.05;0.74;
2022.02.28 08:25:48;Sell Limit;0.05;GBPCHF;1.25200;1.25600;1.23100;2022.03.01 11:10:00;1.23013;;;;cancelled
2022.02.25 18:03:53;Sell Limit;0.05;GBPCHF;1.25200;1.25600;1.23100;2022.03.01 11:09:57;1.23021;;;;cancelled
2022.02.28 08:19:51;Sell Limit;0.05;GBPCHF;1.24480;1.25600;1.23100;2022.03.01 11:09:55;1.23021;;;;cancelled
2022.02.24 20:16:52;Sell Limit;0.05;EURAUD;1.56700;1.57100;1.54100;2022.03.01 08:18:32;1.54081;;;;cancelled
2022.02.25 10:23:31;Sell Limit;0.05;EURAUD;1.57450;1.58100;1.54100;2022.02.28 19:54:45;1.54442;;;;cancelled
2022.02.25 21:07:35;Sell Limit;0.05;EURJPY;130.850;131.100;129.400;2022.02.28 08:05:32;128.914;;;;cancelled
2022.02.25 21:07:11;Sell Limit;0.05;EURJPY;130.500;131.100;129.400;2022.02.28 08:05:30;128.911;;;;cancelled
2022.02.25 15:37:04;Sell;0.05;GBPCHF;1.24139;1.25600;1.23100;2022.02.28 07:55:05;1.23767;;-0.29;20.08;
2022.02.25 20:15:23;Sell Limit;0.05;EURJPY;130.850;131.100;128.800;2022.02.25 20:46:07;130.265;;;;cancelled
2022.02.25 20:14:55;Sell Limit;0.05;EURJPY;130.500;131.100;128.800;2022.02.25 20:46:05;130.265;;;;cancelled
2022.02.25 20:23:31;Buy Limit;0.10;CHFJPY;124.527;;;2022.02.25 20:23:38;124.777;;;;cancelled
2022.02.25 16:58:32;Sell Limit;0.05;EURJPY;130.850;131.100;128.100;2022.02.25 18:53:03;130.136;;;;cancelled
2022.02.25 16:57:38;Sell Limit;0.05;EURJPY;130.480;131.100;128.100;2022.02.25 18:53:02;130.128;;;;cancelled
2022.02.25 12:51:11;Sell Limit;0.10;GBPCHF;1.24900;1.25050;1.23100;2022.02.25 18:01:24;1.24489;;;;cancelled
2022.02.25 09:22:33;Buy;0.05;EURGBP;0.83544;0.82600;0.84050;2022.02.25 16:57:24;0.84051;;;33.89;[tp]
2022.02.25 09:40:46;Sell Limit;0.05;EURJPY;130.850;131.200;128.100;2022.02.25 16:53:07;129.962;;;;cancelled
2022.02.25 16:46:48;Sell Limit;0.05;EURJPY;130.500;131.200;128.100;2022.02.25 16:53:04;129.971;;;;cancelled
2022.02.25 09:39:53;Sell Limit;0.05;EURJPY;130.450;131.200;128.050;2022.02.25 16:45:23;129.797;;;;cancelled
2022.02.25 15:02:42;Sell Limit;0.05;GBPCHF;1.24350;1.25050;1.23100;2022.02.25 15:36:55;1.24142;;;;cancelled
2022.02.25 14:53:43;Sell;0.10;GBPCHF;1.24251;1.25050;1.23100;2022.02.25 15:00:37;1.24204;;;5.07;
2022.02.24 20:17:18;Sell Limit;0.05;EURAUD;1.57000;1.58100;1.54200;2022.02.25 14:53:33;1.55534;;;;cancelled
2022.02.25 09:52:57;Sell Limit;0.05;EURJPY;130.850;131.200;128.050;2022.02.25 09:54:43;129.240;;;;cancelled
2022.02.24 20:50:10;Buy Limit;0.05;GBPUSD;1.32600;1.31800;1.34800;2022.02.25 09:14:25;1.34159;;;;cancelled
2022.02.24 19:25:14;Buy Limit;0.05;GBPUSD;1.32800;1.31700;1.34800;2022.02.24 20:28:54;1.33669;;;;cancelled
2022.02.24 19:08:41;Sell Limit;0.05;EURAUD;1.57450;1.57700;1.55800;2022.02.24 19:36:08;1.56476;;;;cancelled
2022.02.24 19:08:20;Sell Limit;0.05;EURAUD;1.56950;1.57700;1.55800;2022.02.24 19:36:06;1.56485;;;;cancelled
2022.02.24 18:19:00;Buy Limit;0.05;GBPUSD;1.32760;1.31700;1.34800;2022.02.24 18:50:40;1.33388;;;;cancelled
2022.02.24 17:44:53;Buy Limit;0.05;GBPUSD;1.32050;1.31700;1.34800;2022.02.24 17:58:56;1.32767;;;;cancelled
2022.02.24 16:18:21;Sell Limit;0.05;GBPAUD;1.87750;1.88500;1.86500;2022.02.24 17:58:55;1.87010;;;;cancelled
2022.02.24 16:18:50;Sell Limit;0.10;GBPAUD;1.88200;1.88500;1.86500;2022.02.24 17:58:54;1.87018;;;;cancelled
2022.02.24 11:24:10;Sell Limit;0.05;EURNZD;1.69050;1.69300;1.66800;2022.02.24 17:58:53;1.67576;;;;cancelled
2022.02.24 15:23:35;Sell Limit;0.05;AUDNZD;1.07280;1.07500;1.06670;2022.02.24 17:58:52;1.07011;;;;cancelled
2022.02.24 14:34:51;Buy Limit;0.05;EURUSD;1.10800;1.10600;1.12350;2022.02.24 17:58:51;1.11177;;;;cancelled
2022.02.24 11:22:35;Sell Limit;0.05;EURNZD;1.68250;1.69300;1.66800;2022.02.24 17:58:51;1.67600;;;;cancelled
2022.02.24 10:44:23;Sell Limit;0.05;EURJPY;129.900;130.900;127.800;2022.02.24 17:58:49;128.478;;;;cancelled
2022.02.24 10:45:10;Sell Limit;0.05;EURJPY;130.450;133.900;127.800;2022.02.24 17:58:48;128.474;;;;cancelled
2022.02.23 14:10:17;Sell Limit;0.10;EURAUD;1.57500;1.57800;1.55900;2022.02.24 17:58:47;1.56622;;;;cancelled
2022.02.23 14:09:50;Sell Limit;0.05;EURAUD;1.56950;1.57800;1.55900;2022.02.24 17:58:47;1.56629;;;;cancelled
2022.02.24 15:02:12;Buy;0.05;EURUSD;1.11724;1.10600;1.12350;2022.02.24 17:58:45;1.11165;;;-27.95;
2022.02.24 15:23:18;Sell;0.05;AUDNZD;1.07064;1.07500;1.06670;2022.02.24 17:58:44;1.07021;;;1.43;
2022.02.24 17:20:24;Buy;0.05;GBPUSD;1.33214;1.31700;1.34800;2022.02.24 17:58:43;1.32770;;;-22.20;
2022.02.24 17:22:03;Buy Limit;0.05;GBPUSD;1.32600;1.31700;1.34800;2022.02.24 17:51:23;1.32845;;;;cancelled
2022.02.24 15:08:31;Buy;0.05;EURCHF;1.03163;1.02800;1.04200;2022.02.24 16:10:10;1.02959;;;-11.06;
2022.02.24 14:34:32;Buy Limit;0.05;EURUSD;1.11650;1.11050;1.13300;2022.02.24 15:01:58;1.11747;;;;cancelled
2022.02.23 11:54:56;Buy Limit;0.05;EURGBP;0.82900;0.82600;;2022.02.24 12:40:12;0.83230;;;;cancelled
2022.02.24 11:12:42;Buy Limit;0.05;EURGBP;0.83150;0.82600;0.84100;2022.02.24 12:39:23;0.83223;;;;cancelled
2022.02.23 18:47:28;Buy;0.05;EURCHF;1.03830;1.02850;1.04200;2022.02.24 12:23:10;1.03134;;-0.23;-37.74;
2022.02.24 09:30:43;Buy Limit;0.05;EURCHF;1.02950;1.02850;1.04200;2022.02.24 12:23:08;1.03150;;;;cancelled
2022.02.24 05:08:27;Buy;0.05;EURCHF;1.03420;1.02850;1.04200;2022.02.24 11:32:16;1.03551;;;7.11;
2022.02.23 11:54:41;Buy;0.05;EURGBP;0.83428;0.82600;0.84100;2022.02.24 11:10:46;0.83511;;-0.99;5.59;
2022.02.23 15:21:43;Buy Limit;0.05;GBPCAD;1.71600;1.71400;1.73300;2022.02.24 09:52:44;1.72479;;;;cancelled
2022.02.24 06:12:03;Buy;0.05;EURCHF;1.03049;1.02850;1.04500;2022.02.24 09:30:22;1.03239;;;10.34;
2022.02.23 17:41:48;Buy;0.05;GBPCHF;1.24483;1.23500;1.25100;2022.02.24 09:28:14;1.23811;;;-36.58;
2022.02.23 17:44:55;Buy Limit;0.05;GBPCHF;1.23800;1.23500;1.25100;2022.02.24 09:28:11;1.23826;;;;cancelled
2022.02.23 19:08:14;Buy;0.05;GBPUSD;1.35579;1.34800;1.35500;2022.02.24 09:27:32;1.34798;;-0.27;-39.05;[sl]
2022.02.24 06:16:08;Buy;0.10;GBPUSD;1.34948;1.34800;1.35500;2022.02.24 09:27:32;1.34798;;;-15.00;[sl]
2022.02.23 18:53:45;Buy;0.05;GBPCAD;1.72400;1.71400;1.73300;2022.02.24 08:49:18;1.72600;;-0.63;7.82;
2022.02.23 17:20:43;Buy Limit;0.05;GBPUSD;1.35450;1.34800;1.36350;2022.02.23 19:08:18;1.35579;;;;cancelled
2022.02.23 14:28:21;Buy Limit;0.10;EURCHF;1.03100;1.02900;1.05400;2022.02.23 19:04:00;1.03883;;;;cancelled
2022.02.23 18:06:08;Buy Limit;0.05;EURCHF;1.03800;1.02900;1.05400;2022.02.23 18:47:17;1.03829;;;;cancelled
2022.02.23 15:18:26;Buy;0.05;GBPCAD;1.72489;1.71400;1.73300;2022.02.23 18:13:25;1.72581;;;3.61;
2022.02.23 14:27:58;Buy Limit;0.10;EURCHF;1.03700;1.02900;1.05400;2022.02.23 18:05:51;1.03864;;;;cancelled
2022.02.23 14:00:33;Buy Limit;0.05;GBPJPY;155.600;155.200;157.200;2022.02.23 17:26:00;156.050;;;;cancelled
2022.02.23 12:26:50;Buy Limit;0.10;GBPUSD;1.35450;1.34800;1.36350;2022.02.23 17:20:26;1.35668;;;;cancelled
2022.02.23 11:46:06;Buy Limit;0.05;GBPCHF;1.24300;1.24100;1.25700;2022.02.23 17:00:13;1.24565;;;;cancelled
2022.02.23 16:38:43;Buy;0.05;GBPCHF;1.24600;1.24100;1.25700;2022.02.23 16:51:57;1.24693;;;5.07;
2022.02.23 12:01:16;Sell Limit;0.05;XAUUSD;1 913.00;1 918.00;1 890.00;2022.02.23 16:48:12;1 902.76;;;;cancelled
2022.02.23 12:01:02;Sell Limit;0.05;XAUUSD;1 908.00;1 918.00;1 890.00;2022.02.23 16:48:09;1 902.87;;;;cancelled
2022.02.23 11:51:11;Buy Limit;0.05;GBPJPY;155.400;155.200;157.200;2022.02.23 13:59:04;156.366;;;;cancelled
2022.02.23 11:50:57;Buy Limit;0.05;GBPJPY;156.050;155.200;157.200;2022.02.23 13:59:01;156.366;;;;cancelled
2022.02.23 10:56:41;Sell Limit;0.05;GBPNZD;2.02100;2.03500;1.98800;2022.02.23 11:09:10;2.00414;;;;cancelled
2022.02.23 10:56:58;Sell Limit;0.05;GBPNZD;2.02900;2.03500;1.98800;2022.02.23 11:09:09;2.00414;;;;cancelled
2022.02.22 20:41:40;Sell Limit;0.05;GBPAUD;1.89400;1.89800;1.87800;2022.02.23 11:09:08;1.87464;;;;cancelled
2022.02.23 10:26:35;Sell Limit;0.03;XAUUSD;1 913.00;1 918.00;1 890.00;2022.02.23 11:09:06;1 894.15;;;;cancelled
2022.02.23 10:26:18;Sell Limit;0.03;XAUUSD;1 908.00;1 918.00;1 890.00;2022.02.23 11:09:05;1 894.15;;;;cancelled
2022.02.23 09:25:39;Buy Limit;0.05;GBPCHF;1.24300;1.24100;1.25900;2022.02.23 11:09:04;1.25430;;;;cancelled
2022.02.23 09:19:52;Buy Limit;0.05;GBPCHF;1.24650;1.24100;1.25900;2022.02.23 11:09:04;1.25430;;;;cancelled
2022.02.23 08:56:25;Sell Limit;0.05;EURNZD;1.69100;1.69300;1.66300;2022.02.23 11:09:03;1.67039;;;;cancelled
2022.02.23 08:56:06;Sell Limit;0.05;EURNZD;1.68250;1.69300;1.66300;2022.02.23 11:09:02;1.67037;;;;cancelled
2022.02.23 08:03:57;Sell Limit;0.05;EURAUD;1.57500;1.57700;1.55900;2022.02.23 11:09:00;1.56239;;;;cancelled
2022.02.23 08:03:36;Sell Limit;0.05;EURAUD;1.57050;1.57700;1.55900;2022.02.23 11:08:59;1.56237;;;;cancelled
2022.02.22 20:41:12;Sell Limit;0.05;GBPAUD;1.88700;1.89800;1.87800;2022.02.23 11:08:57;1.87447;;;;cancelled
2022.02.22 18:52:11;Buy Limit;0.05;GBPCAD;1.72500;1.71400;1.73600;2022.02.23 11:08:56;1.73017;;;;cancelled
2022.02.22 16:35:18;Buy Limit;0.05;GBPCAD;1.71600;1.71400;1.73600;2022.02.23 11:08:55;1.73015;;;;cancelled
2022.02.22 14:21:39;Buy Limit;0.10;GBPUSD;1.35020;1.34700;1.36350;2022.02.23 11:08:54;1.36137;;;;cancelled
2022.02.22 13:33:39;Buy Limit;0.05;EURCAD;1.42800;1.42000;1.45900;2022.02.23 11:08:52;1.44214;;;;cancelled
2022.02.22 11:15:19;Buy Limit;0.10;EURCHF;1.03100;1.02900;1.05400;2022.02.23 11:08:51;1.04533;;;;cancelled
2022.02.22 11:14:55;Buy Limit;0.05;EURCHF;1.03450;1.02900;1.05400;2022.02.23 11:08:50;1.04534;;;;cancelled
2022.02.21 19:14:46;Buy Limit;0.05;EURUSD;1.12300;1.12100;1.14250;2022.02.23 11:08:48;1.13480;;;;cancelled
2022.02.21 19:14:21;Buy Limit;0.05;EURUSD;1.12700;1.12100;1.14250;2022.02.23 11:08:48;1.13480;;;;cancelled
2022.02.16 08:32:40;Buy Limit;0.05;AUDUSD;0.71800;0.71600;0.72600;2022.02.23 11:08:47;0.72627;;;;cancelled
2022.02.15 15:35:10;Buy Limit;0.10;NZDCAD;0.84150;0.84000;0.85800;2022.02.23 11:08:46;0.86330;;;;cancelled
2022.02.15 13:45:47;Buy Limit;0.10;NZDCAD;0.84500;0.84000;0.85800;2022.02.23 11:08:45;0.86330;;;;cancelled
2022.02.15 11:43:07;Buy Limit;0.05;EURCAD;1.42300;1.42000;1.45900;2022.02.23 11:08:44;1.44214;;;;cancelled
2022.02.15 11:41:54;Buy Limit;0.05;EURCAD;1.43380;1.42000;1.45900;2022.02.23 11:08:43;1.44214;;;;cancelled
2022.02.15 09:31:15;Buy Limit;0.05;EURGBP;0.82900;0.82600;0.84100;2022.02.23 11:08:42;0.83364;;;;cancelled
2022.02.23 09:22:34;Buy;0.05;EURGBP;0.83307;0.82600;0.84100;2022.02.23 11:08:41;0.83355;;;3.26;
2022.02.22 12:06:27;Buy;0.05;EURCHF;1.03995;1.02900;1.05400;2022.02.23 11:08:39;1.04518;;-0.08;28.39;
2022.02.22 12:48:33;Buy;0.10;GBPUSD;1.35463;1.34700;1.36350;2022.02.23 11:08:38;1.36116;;-0.18;65.30;
2022.02.16 19:26:51;Buy Limit;0.05;NZDUSD;0.66200;0.65850;0.67500;2022.02.23 10:14:05;0.67875;;;;cancelled
2022.02.16 19:25:25;Buy Limit;0.05;NZDUSD;0.66550;0.65850;0.67500;2022.02.23 10:14:03;0.67875;;;;cancelled
2022.02.23 09:05:32;Buy Limit;0.05;EURGBP;0.83150;0.82600;0.84100;2022.02.23 09:22:37;0.83306;;;;cancelled
2022.02.23 09:00:21;Buy Limit;0.05;EURGBP;0.83150;0.82600;0.84100;2022.02.23 09:04:28;0.83273;;;;cancelled
2022.02.22 19:32:36;Buy;0.05;EURGBP;0.83382;0.82600;0.84100;2022.02.23 08:53:25;0.83293;;-0.33;-6.06;
2022.02.16 08:34:24;Buy Limit;0.10;AUDUSD;0.71100;0.70800;0.72200;2022.02.23 07:36:17;0.72268;;;;cancelled
2022.02.22 18:07:39;Sell Limit;0.05;GBPNZD;2.03200;2.03500;2.00900;2022.02.22 20:16:38;2.01709;;;;cancelled
2022.02.22 18:07:21;Sell Limit;0.05;GBPNZD;2.02350;2.03500;2.00900;2022.02.22 20:16:36;2.01709;;;;cancelled
2022.02.21 16:59:18;Sell Limit;0.05;GBPAUD;1.89300;1.89800;1.86800;2022.02.22 20:15:15;1.88386;;;;cancelled
2022.02.22 18:20:27;Sell Limit;0.05;GBPAUD;1.88700;1.89800;1.86800;2022.02.22 20:15:13;1.88390;;;;cancelled
2022.02.22 18:04:36;Buy Limit;0.05;EURGBP;0.83200;0.82600;0.84100;2022.02.22 19:32:25;0.83382;;;;cancelled
2022.02.22 16:31:45;Buy;0.05;GBPCAD;1.72489;1.71400;1.73300;2022.02.22 18:47:29;1.73140;;;25.57;
2022.02.21 16:58:41;Sell Limit;0.05;GBPAUD;1.88650;1.89800;1.86800;2022.02.22 17:59:45;1.88140;;;;cancelled
2022.02.16 14:24:05;Sell Limit;0.05;GBPNZD;2.03200;2.03500;2.00900;2022.02.22 17:59:16;2.01643;;;;cancelled
2022.02.16 14:23:09;Sell Limit;0.05;GBPNZD;2.02300;2.03500;2.00900;2022.02.22 17:59:13;2.01654;;;;cancelled
2022.02.22 13:16:37;Buy Limit;0.05;EURGBP;0.83200;0.82600;0.84100;2022.02.22 17:58:45;0.83355;;;;cancelled
2022.02.15 19:02:23;Buy Limit;0.05;GBPUSD;1.35050;1.34700;1.36600;2022.02.22 14:21:05;1.35655;;;;cancelled
2022.02.17 16:41:37;Buy;0.03;EURGBP;0.83349;0.82600;0.83750;2022.02.22 13:15:29;0.83624;;-0.60;11.20;
2022.02.18 08:36:44;Sell Limit;0.05;USDJPY;116.000;116.500;113.900;2022.02.22 12:46:29;114.886;;;;cancelled
2022.02.18 08:36:11;Sell Limit;0.05;USDJPY;115.600;116.500;113.900;2022.02.22 12:46:26;114.886;;;;cancelled
2022.02.22 11:27:52;Sell Limit;0.05;EURJPY;130.800;131.200;129.500;2022.02.22 12:15:20;130.084;;;;cancelled
2022.02.22 11:11:09;Sell;0.05;EURJPY;130.157;131.200;129.500;2022.02.22 11:57:34;129.927;;;10.01;
2022.02.22 08:55:45;Sell Limit;0.10;EURJPY;130.850;131.200;128.800;2022.02.22 11:02:24;130.101;;;;cancelled
2022.02.22 08:54:57;Sell Limit;0.05;EURJPY;130.150;131.200;128.800;2022.02.22 11:02:22;130.098;;;;cancelled
2022.02.21 20:50:08;Sell Limit;0.05;GBPCHF;1.25700;1.25900;1.23900;2022.02.22 11:01:32;1.24657;;;;cancelled
2022.02.21 20:49:14;Sell Limit;0.05;GBPCHF;1.25200;1.25900;1.23900;2022.02.22 11:01:29;1.24664;;;;cancelled
2022.02.22 09:53:17;Sell Limit;0.05;GBPJPY;156.800;157.100;155.600;2022.02.22 11:01:05;156.015;;;;cancelled
2022.02.17 11:37:36;Sell Limit;0.05;GBPJPY;156.500;157.100;155.600;2022.02.22 11:01:02;156.018;;;;cancelled
2022.02.21 17:58:13;Sell;0.05;GBPJPY;156.274;157.100;155.600;2022.02.22 10:57:29;156.022;;-0.22;10.96;
2022.02.17 09:57:59;Sell Limit;0.05;EURJPY;130.850;131.200;129.600;2022.02.22 08:55:27;129.644;;;;cancelled
2022.02.21 17:26:39;Sell;0.05;EURJPY;130.147;131.200;129.600;2022.02.22 01:02:09;129.600;;0.03;23.86;[tp]
2022.02.21 18:54:47;Buy Limit;0.10;EURCHF;1.03100;1.02900;1.05400;2022.02.21 20:55:44;1.03690;;;;cancelled
2022.02.21 18:53:12;Buy;0.05;EURCHF;1.03846;1.02900;1.05400;2022.02.21 20:54:57;1.03684;;;-8.84;
2022.02.21 17:07:34;Sell Limit;0.05;GBPJPY;156.600;157.500;155.500;2022.02.21 17:57:55;156.270;;;;cancelled
2022.02.15 21:55:39;Buy Limit;0.05;EURCHF;1.03580;1.02900;1.04650;2022.02.21 17:25:47;1.03862;;;;cancelled
2022.02.21 13:20:56;Buy;0.05;EURCHF;1.04098;1.02900;1.04650;2022.02.21 17:25:45;1.03845;;;-13.80;
2022.02.18 09:14:34;Sell;0.05;EURJPY;130.900;131.700;129.600;2022.02.21 17:09:12;130.315;;0.03;25.46;
2022.02.21 02:55:51;Sell;0.05;GBPJPY;156.598;157.500;155.500;2022.02.21 17:05:26;156.369;;;9.97;
2022.02.15 13:24:49;Buy Limit;0.05;AUDCAD;0.90250;0.89900;0.92100;2022.02.21 17:01:58;0.91820;;;;cancelled
2022.02.15 13:24:31;Buy Limit;0.05;AUDCAD;0.90650;0.89900;0.92100;2022.02.21 17:01:56;0.91817;;;;cancelled
2022.02.17 11:38:31;Sell Limit;0.05;GBPJPY;157.900;158.200;155.500;2022.02.21 16:10:12;156.263;;;;cancelled
2022.02.15 11:41:32;Buy Limit;0.05;EURCAD;1.43380;1.42000;1.44900;2022.02.21 15:51:31;1.44386;;;;cancelled
2022.02.21 14:02:36;Buy Limit;0.05;EURUSD;1.12300;1.12100;1.14200;2022.02.21 15:11:32;1.13395;;;;cancelled
2022.02.15 20:13:56;Buy Limit;0.05;EURUSD;1.12700;1.12100;1.14200;2022.02.21 15:11:28;1.13396;;;;cancelled
2022.02.15 20:13:12;Buy Limit;0.10;EURUSD;1.12300;1.12100;1.14200;2022.02.21 14:02:18;1.13493;;;;cancelled
2022.02.18 16:03:33;Sell;0.04;GBPJPY;156.587;158.200;155.500;2022.02.18 19:47:40;156.271;;;10.99;
2022.02.16 11:25:23;Buy Limit;0.05;NZDJPY;75.950;75.700;77.350;2022.02.18 17:46:59;77.131;;;;cancelled
2022.02.16 11:24:24;Buy Limit;0.05;NZDJPY;76.250;75.700;77.350;2022.02.18 17:46:57;77.135;;;;cancelled
2022.02.16 11:05:25;Buy Limit;0.05;AUDJPY;81.700;81.400;83.900;2022.02.18 16:14:26;82.907;;;;cancelled
2022.02.16 11:04:56;Buy Limit;0.05;AUDJPY;82.250;81.400;83.900;2022.02.18 16:14:24;82.907;;;;cancelled
2022.02.15 19:00:34;Buy;0.05;GBPUSD;1.35385;1.34700;1.36500;2022.02.18 12:24:06;1.36185;;-0.45;40.00;
2022.02.17 10:36:45;Sell Limit;0.05;EURJPY;131.100;132.400;129.600;2022.02.18 09:14:07;130.905;;;;cancelled
2022.02.16 08:31:32;Buy;0.05;AUDUSD;0.71660;0.70800;0.72200;2022.02.17 13:02:59;0.72045;;-0.29;19.25;
2022.02.17 09:55:55;Sell;0.05;EURJPY;131.069;132.700;130.250;2022.02.17 10:35:44;130.734;;;14.56;
2022.02.16 15:28:32;Sell Limit;0.05;EURJPY;132.950;133.200;130.700;2022.02.17 09:46:25;131.047;;;;cancelled
2022.02.16 15:28:06;Sell Limit;0.05;EURJPY;132.050;133.200;130.700;2022.02.17 09:46:22;131.047;;;;cancelled
2022.02.17 05:55:59;Buy;0.05;EURUSD;1.13495;1.12500;1.14200;2022.02.17 09:34:26;1.13634;;;6.95;
2022.02.15 19:06:11;Buy Limit;0.05;GBPUSD;1.34450;1.34250;1.36350;2022.02.16 21:42:31;1.35896;;;;cancelled
2022.02.16 17:07:08;Buy;0.05;EURUSD;1.13633;1.12500;1.14200;2022.02.16 21:39:34;1.13865;;;11.60;
2022.02.16 13:41:32;Sell Limit;0.05;GBPJPY;158.050;158.300;155.600;2022.02.16 20:09:41;156.854;;;;cancelled
2022.02.16 13:40:45;Sell Limit;0.05;GBPJPY;157.600;158.300;155.600;2022.02.16 20:09:37;156.856;;;;cancelled
2022.02.15 20:38:56;Buy Limit;0.05;EURJPY;130.200;129.900;132.050;2022.02.16 15:27:08;131.476;;;;cancelled
2022.02.15 20:38:04;Buy Limit;0.05;EURJPY;130.500;129.900;132.050;2022.02.16 15:27:06;131.479;;;;cancelled
2022.02.16 10:37:39;Buy Limit;0.05;EURAUD;1.57250;1.57050;1.59250;2022.02.16 14:30:33;1.58478;;;;cancelled
2022.02.16 10:37:18;Buy Limit;0.05;EURAUD;1.57900;1.57050;1.59250;2022.02.16 14:30:29;1.58481;;;;cancelled
2022.02.16 12:19:04;Sell Limit;0.05;GBPJPY;158.100;158.300;156.300;2022.02.16 12:59:22;156.996;;;;cancelled
2022.02.16 12:18:31;Sell Limit;0.05;GBPJPY;157.650;158.300;156.300;2022.02.16 12:59:20;156.996;;;;cancelled
2022.02.15 20:14:41;Buy Limit;0.10;EURUSD;1.12250;1.12100;1.14250;2022.02.16 11:32:21;1.13827;;;;cancelled
2022.02.15 22:01:06;Sell Limit;0.05;GBPJPY;157.850;158.300;155.500;2022.02.16 11:00:33;156.968;;;;cancelled
2022.02.15 22:00:35;Sell Limit;0.05;GBPJPY;157.300;158.300;155.500;2022.02.16 11:00:29;156.969;;;;cancelled
2022.02.15 09:26:34;Sell Limit;0.05;NZDJPY;77.950;78.100;75.600;2022.02.16 10:40:54;77.016;;;;cancelled
2022.02.15 09:26:19;Sell Limit;0.05;NZDJPY;77.400;78.100;75.600;2022.02.16 10:40:48;77.029;;;;cancelled
2022.02.15 13:38:52;Sell Limit;0.05;AUDJPY;84.150;84.400;81.500;2022.02.16 10:40:18;83.079;;;;cancelled
2022.02.15 13:38:30;Sell Limit;0.05;AUDJPY;83.800;84.400;81.500;2022.02.16 10:40:14;83.075;;;;cancelled
2022.02.16 09:10:31;Sell Limit;0.05;EURAUD;1.59900;1.60400;1.57800;2022.02.16 09:42:11;1.58617;;;;cancelled
2022.02.16 09:09:51;Sell Limit;0.05;EURAUD;1.59300;1.60400;1.57800;2022.02.16 09:42:07;1.58623;;;;cancelled
2022.02.15 13:07:52;Buy Limit;0.05;EURAUD;1.57250;1.57050;1.59800;2022.02.16 08:50:08;1.58524;;;;cancelled
2022.02.15 11:25:05;Buy Limit;0.05;EURAUD;1.57900;1.57050;1.59800;2022.02.16 08:50:06;1.58525;;;;cancelled
2022.02.14 16:48:06;Sell;0.05;EURJPY;130.608;132.800;130.200;2022.02.15 20:09:39;131.387;;0.02;-33.68;
2022.02.14 12:36:53;Sell Limit;0.05;EURJPY;132.100;132.800;130.200;2022.02.15 20:09:36;131.376;;;;cancelled
2022.02.14 16:51:14;Sell Limit;0.05;EURJPY;132.550;132.800;130.200;2022.02.15 20:09:31;131.376;;;;cancelled
2022.02.15 15:04:27;Sell Limit;0.05;GBPJPY;157.900;158.300;155.500;2022.02.15 19:43:39;156.537;;;;cancelled
2022.02.15 15:03:53;Sell Limit;0.05;GBPJPY;157.250;158.300;155.500;2022.02.15 19:43:35;156.535;;;;cancelled
2022.02.14 13:13:25;Sell Limit;0.05;AUDCHF;0.66800;0.67050;0.65100;2022.02.15 18:23:54;0.66166;;;;cancelled
2022.02.14 21:05:49;Sell Limit;0.05;AUDCHF;0.66400;0.67050;0.65100;2022.02.15 18:23:49;0.66163;;;;cancelled
2022.02.14 16:11:01;Buy Limit;0.05;GBPUSD;1.33950;1.33500;1.36000;2022.02.15 16:26:11;1.35322;;;;cancelled
2022.02.14 11:09:27;Buy Limit;0.05;GBPUSD;1.34100;1.33500;1.36000;2022.02.15 16:26:09;1.35332;;;;cancelled
2022.02.15 15:42:52;Buy Limit;0.05;GBPUSD;1.34700;1.33500;1.36000;2022.02.15 16:26:07;1.35332;;;;cancelled
2022.02.15 10:35:53;Buy Limit;0.05;GBPUSD;1.35100;1.33700;1.36000;2022.02.15 15:24:19;1.35411;;;;cancelled
2022.02.15 12:56:54;Buy;0.03;XAUUSD;1 855.68;1 848.00;1 870.00;2022.02.15 14:22:37;1 845.85;;;-29.49;[sl]
2022.02.15 11:23:11;Buy;0.05;EURAUD;1.58833;1.57600;1.59800;2022.02.15 13:06:23;1.59022;;;6.74;
2022.02.15 12:27:08;Buy Limit;0.03;XAUUSD;1 855.00;1 848.00;1 870.00;2022.02.15 12:56:45;1 855.55;;;;cancelled
2022.02.14 21:11:24;Sell Limit;0.05;GBPJPY;157.850;158.300;155.500;2022.02.15 11:51:19;156.643;;;;cancelled
2022.02.14 21:10:57;Sell Limit;0.05;GBPJPY;157.270;158.300;155.500;2022.02.15 11:51:17;156.643;;;;cancelled
2022.02.14 20:51:23;Sell Limit;0.05;AUDJPY;83.900;84.400;81.500;2022.02.15 10:57:29;82.613;;;;cancelled
2022.02.14 20:51:06;Sell Limit;0.05;AUDJPY;83.100;84.400;81.500;2022.02.15 10:57:27;82.613;;;;cancelled
2022.02.14 08:01:46;Buy;0.05;GBPUSD;1.35458;1.33700;1.36000;2022.02.15 10:31:24;1.35585;;-0.10;6.35;
2022.02.14 20:06:52;Buy Limit;0.05;AUDUSD;0.70750;0.70400;0.72400;2022.02.14 20:53:55;0.71256;;;;cancelled
2022.02.14 20:05:41;Buy;0.05;AUDUSD;0.71410;0.70400;0.72400;2022.02.14 20:53:24;0.71247;;;-8.15;
2022.02.14 19:26:54;Buy Limit;0.05;AUDJPY;81.450;81.200;83.150;2022.02.14 20:49:45;82.459;;;;cancelled
2022.02.14 19:24:55;Buy Limit;0.05;AUDJPY;81.700;81.200;83.150;2022.02.14 20:49:43;82.455;;;;cancelled
2022.02.14 17:07:39;Sell Limit;0.05;GBPJPY;157.950;158.200;153.600;2022.02.14 20:11:19;156.523;;;;cancelled
2022.02.14 10:45:14;Sell Limit;0.05;GBPJPY;157.600;158.200;153.600;2022.02.14 20:11:16;156.521;;;;cancelled
2022.02.14 13:13:02;Sell Limit;0.05;AUDCHF;0.66300;0.67050;0.65100;2022.02.14 19:25:53;0.66044;;;;cancelled
2022.02.14 16:01:35;Sell Limit;0.05;NZDJPY;77.950;78.100;75.500;2022.02.14 19:04:04;76.521;;;;cancelled
2022.02.14 16:01:14;Sell Limit;0.05;NZDJPY;77.400;78.100;75.500;2022.02.14 19:04:02;76.523;;;;cancelled
2022.02.14 13:04:35;Sell Limit;0.10;AUDJPY;83.800;84.400;80.700;2022.02.14 19:03:58;82.465;;;;cancelled
2022.02.14 13:03:49;Sell Limit;0.05;AUDJPY;83.100;84.400;80.700;2022.02.14 19:03:55;82.469;;;;cancelled
2022.02.14 12:42:07;Sell Limit;0.05;EURJPY;132.550;132.800;129.600;2022.02.14 16:47:56;130.613;;;;cancelled
2022.02.11 09:33:41;Buy Limit;0.05;EURAUD;1.58100;1.57600;1.60100;2022.02.14 16:46:56;1.58906;;;;cancelled
2022.02.10 20:23:21;Buy Limit;0.05;EURAUD;1.58700;1.57600;1.60100;2022.02.14 16:46:54;1.58889;;;;cancelled
2022.02.14 14:43:44;Sell;0.05;EURJPY;130.900;132.800;129.600;2022.02.14 16:04:52;130.751;;;6.44;
2022.02.14 14:47:45;Sell;0.05;GBPJPY;156.343;158.200;153.600;2022.02.14 14:50:39;156.282;;;2.65;
2022.02.14 14:47:17;Sell;0.05;GBPJPY;156.299;158.200;153.600;2022.02.14 14:47:19;156.330;;;-1.34;
2022.02.14 08:02:03;Buy Limit;0.05;GBPUSD;1.34950;1.34800;1.36550;2022.02.14 11:06:28;1.34967;;;;cancelled
2022.02.14 10:28:59;Buy;0.05;NZDJPY;76.098;75.900;77.300;2022.02.14 10:56:50;75.901;;;-8.56;[sl]
2022.02.11 21:01:54;Buy;0.05;NZDJPY;76.701;75.900;77.300;2022.02.14 10:56:50;75.901;;-0.01;-34.75;[sl]
2022.02.11 17:15:50;Buy Limit;0.10;EURUSD;1.12250;1.12100;1.15500;2022.02.14 10:39:34;1.13116;;;;cancelled
2022.02.11 17:15:31;Buy Limit;0.05;EURUSD;1.12750;1.12100;1.15500;2022.02.14 10:39:31;1.13116;;;;cancelled
2022.02.11 20:50:42;Buy;0.05;AUDJPY;82.321;81.200;83.050;2022.02.14 10:33:26;81.778;;-0.05;-23.57;
2022.02.11 21:19:51;Buy Limit;0.05;AUDJPY;81.500;81.200;83.050;2022.02.14 10:33:23;81.795;;;;cancelled
2022.02.11 09:58:53;Buy Limit;0.10;NZDJPY;75.650;75.500;77.300;2022.02.14 08:47:32;76.442;;;;cancelled
2022.02.11 21:20:16;Buy Limit;0.05;AUDJPY;81.460;81.200;83.050;2022.02.14 08:36:16;82.160;;;;cancelled
2022.02.11 15:14:27;Buy;0.05;EURAUD;1.59200;1.57600;1.60100;2022.02.14 08:14:31;1.59329;;-0.11;4.60;
2022.02.11 09:19:31;Buy Limit;0.05;GBPUSD;1.33900;1.33700;1.36600;2022.02.11 21:55:39;1.35507;;;;cancelled
2022.02.11 09:17:17;Buy Limit;0.05;GBPUSD;1.34700;1.33700;1.36600;2022.02.11 21:55:37;1.35515;;;;cancelled
2022.02.11 17:15:11;Buy Limit;0.05;EURUSD;1.13020;1.12100;1.15500;2022.02.11 21:35:39;1.13571;;;;cancelled
2022.02.11 09:42:34;Buy Limit;0.10;AUDJPY;81.650;81.200;83.900;2022.02.11 21:19:34;82.436;;;;cancelled
2022.02.11 15:47:02;Buy Limit;0.05;GBPUSD;1.35350;1.33700;1.36600;2022.02.11 21:14:02;1.35724;;;;cancelled
2022.02.11 09:41:49;Buy Limit;0.05;AUDJPY;81.900;81.200;83.900;2022.02.11 21:12:56;82.212;;;;cancelled
2022.02.11 09:06:32;Buy Limit;0.05;GBPAUD;1.88050;1.87400;1.91300;2022.02.11 19:55:41;1.89510;;;;cancelled
2022.02.11 09:05:46;Buy Limit;0.05;GBPAUD;1.88700;1.87400;1.91300;2022.02.11 19:55:40;1.89509;;;;cancelled
2022.02.11 15:33:34;Buy Limit;0.05;GBPUSD;1.35350;1.33700;1.36600;2022.02.11 15:46:18;1.35683;;;;cancelled
2022.02.11 09:14:33;Buy;0.05;GBPUSD;1.35337;1.33700;1.36600;2022.02.11 15:32:33;1.35791;;;22.70;
2022.02.10 21:41:21;Buy Limit;0.10;GBPAUD;1.88100;1.87400;1.89900;2022.02.11 09:06:01;1.90119;;;;cancelled
2022.02.08 15:53:23;Buy;0.05;GBPAUD;1.89923;1.87400;1.89900;2022.02.11 06:47:02;1.89912;;-0.60;-0.39;[tp]
2022.02.09 06:02:31;Buy;0.05;GBPAUD;1.89326;1.87400;1.89900;2022.02.11 06:47:02;1.89912;;-0.35;20.87;[tp]
2022.02.10 21:52:44;Buy Limit;0.05;GBPUSD;1.35100;1.34800;1.36600;2022.02.10 22:01:37;1.35686;;;;cancelled
2022.02.10 21:52:14;Buy Limit;0.05;GBPUSD;1.35380;1.34800;1.36600;2022.02.10 22:01:35;1.35684;;;;cancelled
2022.02.10 20:56:17;Buy Limit;0.10;GBPAUD;1.88100;1.87400;1.89900;2022.02.10 21:38:27;1.89028;;;;cancelled
2022.02.10 19:03:33;Buy Limit;0.05;GBPUSD;1.35400;1.34800;1.36600;2022.02.10 21:38:26;1.35862;;;;cancelled
2022.02.10 20:22:21;Buy Limit;0.05;EURAUD;1.58500;1.57700;1.60900;2022.02.10 21:38:25;1.59414;;;;cancelled
2022.02.09 15:15:40;Buy Limit;0.05;NZDJPY;76.650;75.800;77.300;2022.02.10 21:38:24;77.508;;;;cancelled
2022.02.09 17:14:07;Buy Limit;0.05;GBPUSD;1.35150;1.34800;1.36600;2022.02.10 21:38:23;1.35865;;;;cancelled
2022.02.09 10:22:31;Buy Limit;0.05;EURGBP;0.83350;0.82700;0.84600;2022.02.10 21:38:22;0.84340;;;;cancelled
2022.02.09 10:22:49;Buy Limit;0.05;EURGBP;0.82900;0.82700;0.84600;2022.02.10 21:38:21;0.84340;;;;cancelled
2022.02.08 14:19:31;Buy Limit;0.05;AUDJPY;81.900;81.300;83.400;2022.02.10 21:38:20;83.321;;;;cancelled
2022.02.08 10:44:08;Buy Limit;0.10;EURCAD;1.42800;1.42400;1.45400;2022.02.10 21:38:18;1.45517;;;;cancelled
2022.02.07 11:10:46;Buy Limit;0.05;EURCAD;1.43400;1.42400;1.45400;2022.02.10 21:38:17;1.45517;;;;cancelled
2022.02.07 09:09:49;Buy Limit;0.10;NZDJPY;76.050;75.800;77.300;2022.02.10 21:38:16;77.513;;;;cancelled
2022.02.07 08:51:02;Buy Limit;0.10;AUDJPY;81.700;81.300;83.400;2022.02.10 21:38:15;83.324;;;;cancelled
2022.02.07 08:50:00;Buy Limit;0.05;AUDJPY;82.320;81.300;83.400;2022.02.10 21:38:13;83.324;;;;cancelled
2022.02.07 08:20:22;Buy Limit;0.10;EURUSD;1.12700;1.12100;1.15500;2022.02.10 21:38:12;1.14588;;;;cancelled
2022.02.07 08:17:36;Buy Limit;0.05;EURUSD;1.13020;1.12100;1.15500;2022.02.10 21:38:09;1.14589;;;;cancelled
2022.02.04 14:37:40;Buy Limit;0.05;NZDJPY;76.300;75.800;77.300;2022.02.10 21:38:08;77.518;;;;cancelled
2022.02.04 09:25:38;Buy Limit;0.10;NZDCAD;0.83650;0.83300;0.85100;2022.02.10 21:38:07;0.84923;;;;cancelled
2022.02.04 08:32:21;Buy Limit;0.10;AUDCAD;0.89300;0.89000;0.90900;2022.02.10 21:37:48;0.91294;;;;cancelled
2022.02.04 08:44:19;Buy Limit;0.10;AUDCAD;0.89750;0.89000;0.90900;2022.02.10 21:37:45;0.91294;;;;cancelled
2022.02.09 12:52:34;Buy Limit;0.05;GBPAUD;1.87930;1.87400;1.89900;2022.02.10 20:55:52;1.89120;;;;cancelled
2022.02.10 16:46:25;Buy;0.05;GBPAUD;1.88600;1.87400;1.89900;2022.02.10 20:54:23;1.89039;;;15.79;
2022.02.10 19:05:28;Buy Limit;0.05;GBPUSD;1.35050;1.34800;1.36600;2022.02.10 19:46:43;1.36073;;;;cancelled
2022.02.10 15:33:32;Buy;0.05;GBPUSD;1.35395;1.34800;1.36550;2022.02.10 18:58:53;1.36382;;;49.35;
2022.02.09 18:22:22;Buy Limit;0.10;EURAUD;1.57850;1.57700;1.59900;2022.02.10 17:50:46;1.58446;;;;cancelled
2022.02.07 10:17:18;Buy;0.05;USDCAD;1.27260;1.26400;1.27500;2022.02.10 17:30:54;1.26572;;-0.36;-27.18;
2022.02.10 17:06:47;Buy;0.05;USDCAD;1.26746;1.26400;1.27500;2022.02.10 17:30:51;1.26578;;;-6.64;
2022.02.09 18:21:45;Buy Limit;0.05;EURAUD;1.58400;1.57700;1.59900;2022.02.10 17:05:09;1.58728;;;;cancelled
2022.02.09 15:57:02;Sell Limit;0.05;GBPNZD;2.04400;2.04600;2.02200;2022.02.10 17:01:03;2.02639;;;;cancelled
2022.02.10 16:13:04;Sell Limit;0.05;GBPNZD;2.04100;2.04600;2.02200;2022.02.10 17:01:01;2.02639;;;;cancelled
2022.02.09 15:55:59;Sell Limit;0.05;GBPNZD;2.03700;2.04600;2.02200;2022.02.10 17:00:58;2.02641;;;;cancelled
2022.02.10 12:43:28;Buy Limit;0.05;USDCAD;1.25650;1.25450;1.27700;2022.02.10 16:25:45;1.27153;;;;cancelled
2022.02.10 12:42:57;Buy Limit;0.05;USDCAD;1.26080;1.25450;1.27700;2022.02.10 16:25:42;1.27154;;;;cancelled
2022.02.07 17:27:46;Buy;0.05;USDCAD;1.26878;1.25450;1.27700;2022.02.10 16:19:54;1.27066;;-0.36;7.40;
2022.02.09 15:56:34;Sell Limit;0.05;GBPNZD;2.04300;2.04600;2.02200;2022.02.10 15:59:38;2.03240;;;;cancelled
2022.02.10 15:28:37;Sell Limit;0.05;USDCHF;0.93400;0.93600;0.92000;2022.02.10 15:49:18;0.92849;;;;cancelled
2022.02.09 17:01:03;Buy;0.05;GBPAUD;1.88701;1.87400;1.89400;2022.02.10 15:39:14;1.88949;;-0.26;8.88;
2022.02.10 15:28:18;Sell Limit;0.05;USDCHF;0.93100;0.93600;0.92000;2022.02.10 15:31:57;0.92626;;;;cancelled
2022.02.09 17:22:18;Buy;0.05;GBPUSD;1.35551;1.34800;1.36050;2022.02.10 12:32:16;1.35716;;-0.29;8.25;
2022.02.08 09:43:41;Buy Limit;0.05;USDCAD;1.26600;1.26400;1.27500;2022.02.09 18:55:43;1.26733;;;;cancelled
2022.02.04 12:21:58;Buy Limit;0.05;GBPCHF;1.23800;1.23300;1.25600;2022.02.09 17:34:03;1.25126;;;;cancelled
2022.02.03 17:36:40;Buy Limit;0.10;EURAUD;1.57850;1.57700;1.61000;2022.02.09 17:31:41;1.59028;;;;cancelled
2022.02.02 17:33:43;Buy Limit;0.05;EURAUD;1.58400;1.57700;1.61000;2022.02.09 17:31:37;1.59027;;;;cancelled
2022.02.09 17:13:06;Buy Limit;0.05;GBPUSD;1.35200;1.34800;1.36050;2022.02.09 17:22:08;1.35550;;;;cancelled
2022.02.08 15:05:00;Buy;0.05;GBPUSD;1.35197;1.34800;1.36050;2022.02.09 17:12:04;1.35509;;-0.16;15.60;
2022.02.04 12:15:27;Buy Limit;0.05;GBPJPY;155.200;154.700;156.800;2022.02.09 16:05:04;156.701;;;;cancelled
2022.02.09 09:16:03;Buy Limit;0.05;GBPJPY;155.700;154.700;156.800;2022.02.09 16:05:02;156.697;;;;cancelled
2022.02.04 14:05:53;Buy;0.05;NZDJPY;76.129;75.800;77.300;2022.02.09 15:08:14;77.182;;-0.15;45.59;
2022.02.08 12:10:17;Buy Limit;0.05;GBPUSD;1.34350;1.34200;1.36050;2022.02.09 11:43:30;1.35664;;;;cancelled
2022.02.04 18:07:22;Buy Limit;0.06;GBPUSD;1.34650;1.34200;1.36050;2022.02.09 11:43:27;1.35664;;;;cancelled
2022.02.03 18:02:09;Buy;0.05;AUDJPY;82.143;80.300;82.700;2022.02.09 06:12:58;82.701;;-0.28;24.18;[tp]
2022.02.08 14:12:15;Buy Limit;0.05;GBPAUD;1.89920;1.88100;1.91400;2022.02.08 15:53:11;1.89930;;;;cancelled
2022.02.08 11:36:57;Buy;0.05;GBPAUD;1.90032;1.88100;1.91400;2022.02.08 14:11:09;1.90303;;;9.65;
2022.02.07 13:10:58;Buy Limit;0.06;GBPUSD;1.33900;1.33600;1.36100;2022.02.08 12:05:05;1.35489;;;;cancelled
2022.02.04 18:03:52;Buy;0.04;GBPUSD;1.35339;1.33600;1.36100;2022.02.08 12:00:37;1.35497;;-0.26;6.32;
2022.02.07 12:52:58;Buy;0.05;GBPJPY;155.192;154.300;156.400;2022.02.08 11:30:01;156.221;;-0.13;44.61;
2022.02.07 11:12:08;Buy Limit;0.05;EURCAD;1.42800;1.42400;1.45400;2022.02.08 10:43:52;1.44625;;;;cancelled
2022.02.07 21:33:43;Buy;0.05;USDCAD;1.26650;1.26400;1.28100;2022.02.08 09:42:01;1.26929;;-0.12;10.99;
2022.02.07 10:23:09;Buy Limit;0.10;USDCAD;1.26880;1.26400;1.28100;2022.02.07 14:19:19;1.27181;;;;cancelled
2022.02.04 18:05:37;Buy Limit;0.06;GBPUSD;1.34650;1.34200;1.36100;2022.02.07 12:53:36;1.34912;;;;cancelled
2022.02.07 11:29:45;Buy Limit;0.05;GBPJPY;155.180;154.300;156.400;2022.02.07 12:52:48;155.198;;;;cancelled
2022.02.04 12:15:01;Buy Limit;0.05;GBPJPY;155.300;154.200;156.400;2022.02.07 11:29:26;155.627;;;;cancelled
2022.02.07 10:21:19;Buy Limit;0.05;USDCAD;1.26880;1.26400;1.28100;2022.02.07 10:24:20;1.27329;;;;cancelled
2022.02.04 13:21:11;Buy;0.05;AUDJPY;81.420;81.200;82.650;2022.02.07 08:44:19;81.729;;-0.07;13.40;
2022.02.07 08:18:38;Buy Limit;0.05;EURUSD;1.12700;1.12400;1.15500;2022.02.07 08:20:05;1.14322;;;;cancelled
2022.02.04 15:32:56;Buy Limit;0.05;GBPAUD;1.90370;1.88800;1.91650;2022.02.07 07:36:51;1.90853;;;;cancelled
2022.02.04 07:59:12;Sell Limit;0.10;USDJPY;115.850;116.100;114.050;2022.02.04 20:06:28;115.236;;;;cancelled
2022.02.04 19:41:04;Sell Limit;0.05;USDJPY;115.410;116.100;114.050;2022.02.04 20:00:04;115.247;;;;cancelled
2022.02.04 17:17:38;Sell;0.05;USDJPY;115.424;116.100;114.050;2022.02.04 19:30:44;115.207;;;9.42;
2022.02.04 15:05:03;Buy Limit;0.05;GBPAUD;1.90360;1.88800;1.91650;2022.02.04 15:29:08;1.91064;;;;cancelled
2022.02.04 12:21:02;Buy Limit;0.05;GBPCHF;1.24670;1.24050;1.25600;2022.02.04 15:09:32;1.24952;;;;cancelled
2022.02.03 19:36:03;Buy;0.04;GBPAUD;1.90470;1.88800;1.91650;2022.02.04 14:58:45;1.91164;;-0.20;19.69;
2022.02.03 15:28:16;Buy Limit;0.05;GBPJPY;155.200;154.700;156.800;2022.02.04 12:08:44;155.752;;;;cancelled
2022.02.04 10:50:09;Buy Limit;0.05;GBPCHF;1.24250;1.24050;1.25540;2022.02.04 12:07:06;1.24886;;;;cancelled
2022.02.04 10:49:14;Buy Limit;0.05;GBPCHF;1.24670;1.24050;1.25540;2022.02.04 12:07:01;1.24897;;;;cancelled
2022.02.03 18:05:42;Buy Limit;0.10;AUDJPY;81.450;81.200;82.650;2022.02.04 11:59:26;81.742;;;;cancelled
2022.02.03 15:26:33;Buy Limit;0.05;GBPJPY;155.420;154.700;156.800;2022.02.04 10:14:37;156.363;;;;cancelled
2022.02.04 08:31:30;Buy Limit;0.05;AUDCAD;0.89750;0.89000;0.90900;2022.02.04 08:44:01;0.90420;;;;cancelled
2022.01.31 11:30:49;Buy Limit;0.05;GBPAUD;1.88200;1.88100;1.91600;2022.02.03 19:38:25;1.90476;;;;cancelled
2022.01.31 12:17:30;Sell;0.05;AUDJPY;81.400;82.300;81.500;2022.02.03 18:00:21;82.139;;-0.65;-32.16;
2022.02.02 01:26:53;Sell;0.05;AUDJPY;81.886;82.300;81.500;2022.02.03 18:00:16;82.139;;-0.39;-11.01;
2022.02.03 16:08:09;Sell;0.10;AUDJPY;82.120;82.300;81.500;2022.02.03 18:00:14;82.138;;;-1.56;
2022.02.03 15:24:52;Buy;0.04;GBPJPY;155.974;154.700;156.800;2022.02.03 17:39:55;156.223;;;8.67;
2022.01.31 09:50:27;Buy Limit;0.07;EURAUD;1.57460;1.57000;1.60200;2022.02.03 17:35:53;1.59652;;;;cancelled
2022.02.02 13:19:31;Sell Limit;0.05;NZDUSD;0.66800;0.67200;0.65500;2022.02.03 16:11:56;0.66644;;;;cancelled
2022.02.01 14:07:24;Sell Limit;0.10;AUDUSD;0.71900;0.72100;0.70400;2022.02.03 16:09:21;0.71493;;;;cancelled
2022.01.31 13:01:04;Sell;0.05;NZDJPY;75.920;76.800;75.300;2022.02.03 16:07:28;76.573;;-1.46;-28.42;
2022.02.03 14:55:57;Sell;0.05;NZDJPY;76.350;76.800;75.300;2022.02.03 16:07:26;76.572;;;-9.66;
2022.01.31 13:04:25;Sell Limit;0.10;NZDJPY;76.600;76.800;75.300;2022.02.03 16:07:23;76.545;;;;cancelled
2022.01.24 15:48:34;Sell Limit;0.10;CADJPY;91.400;91.800;89.600;2022.02.03 16:06:20;90.517;;;;cancelled
2022.01.24 15:47:07;Sell Limit;0.10;CADJPY;91.150;91.800;89.600;2022.02.03 16:06:18;90.513;;;;cancelled
2022.01.31 09:44:06;Buy;0.04;EURAUD;1.58679;1.57000;1.60200;2022.02.03 16:02:55;1.59363;;-0.83;19.54;
2022.02.02 14:06:31;Sell;0.05;AUDUSD;0.71511;0.72100;0.70400;2022.02.03 16:01:41;0.71379;;-0.23;6.60;
2022.02.03 15:44:17;Sell;0.05;EURJPY;130.112;130.200;129.300;2022.02.03 15:44:20;130.199;;;-3.78;[sl]
2022.01.31 17:18:16;Sell;0.05;EURJPY;129.203;130.200;129.300;2022.02.03 15:44:20;130.200;;-0.01;-43.42;[sl]
2022.02.03 14:13:03;Sell;0.05;EURJPY;129.651;130.200;129.300;2022.02.03 15:44:20;130.199;;;-23.86;[sl]
2022.01.24 09:26:49;Sell Limit;0.05;EURJPY;130.050;130.300;128.800;2022.02.03 15:41:51;129.996;;;;cancelled
2022.01.26 11:58:14;Sell;0.05;CADJPY;90.737;91.800;89.600;2022.02.03 14:09:13;90.390;;-1.10;15.11;
2022.02.03 11:47:28;Sell;0.05;GBPJPY;155.571;156.400;153.500;2022.02.03 14:08:00;156.368;;;-34.72;
2022.02.03 14:00:21;Sell;0.05;GBPJPY;156.001;156.400;153.500;2022.02.03 14:07:57;156.358;;;-15.55;
2022.02.01 18:58:27;Buy Limit;0.05;EURGBP;0.82850;0.82700;0.83950;2022.02.03 14:03:55;0.82911;;;;cancelled
2022.02.02 14:32:35;Sell Limit;0.05;EURUSD;1.13900;1.14100;1.11800;2022.02.03 09:59:19;1.12969;;;;cancelled
2022.02.02 09:34:29;Sell Limit;0.05;EURUSD;1.13440;1.14100;1.11800;2022.02.03 09:59:15;1.12962;;;;cancelled
2022.02.02 12:00:04;Sell;0.05;EURUSD;1.12957;1.14100;1.11800;2022.02.03 09:59:11;1.12974;;-0.02;-0.85;
2022.02.02 10:20:07;Buy Limit;0.05;EURNZD;1.68450;1.68300;1.70600;2022.02.02 18:42:49;1.70490;;;;cancelled
2022.02.02 10:19:46;Buy Limit;0.05;EURNZD;1.68750;1.68300;1.70600;2022.02.02 18:42:47;1.70500;;;;cancelled
2022.02.02 03:19:54;Buy;0.05;GBPAUD;1.89348;1.88100;1.91600;2022.02.02 17:30:54;1.90343;;;35.44;
2022.02.01 18:58:10;Buy;0.05;EURAUD;1.58049;1.57000;1.60200;2022.02.02 17:30:44;1.58566;;-0.21;18.42;
2022.02.02 12:34:25;Sell Limit;0.05;AUDUSD;0.71550;0.72100;0.69950;2022.02.02 14:06:19;0.71512;;;;cancelled
2022.02.01 13:21:32;Buy Limit;0.05;USDCAD;1.25650;1.25400;1.28000;2022.02.02 13:17:25;1.26925;;;;cancelled
2022.02.01 13:19:21;Buy Limit;0.05;USDCAD;1.26100;1.25400;1.28000;2022.02.02 13:17:23;1.26924;;;;cancelled
2022.02.01 14:16:09;Sell Limit;0.10;NZDUSD;0.66800;0.67200;0.65500;2022.02.02 12:52:21;0.66433;;;;cancelled
2022.02.01 14:13:55;Sell Limit;0.10;AUDUSD;0.71550;0.72100;0.69950;2022.02.02 12:34:09;0.71498;;;;cancelled
2022.01.31 10:29:17;Buy Limit;0.05;EURNZD;1.68500;1.68200;1.70950;2022.02.02 08:06:38;1.69854;;;;cancelled
2022.01.31 10:28:28;Buy Limit;0.05;EURNZD;1.68750;1.68200;1.70950;2022.02.02 08:06:36;1.69856;;;;cancelled
2022.02.01 20:12:12;Buy;0.05;EURGBP;0.83254;0.82700;0.83950;2022.02.02 07:54:23;0.83375;;-0.37;8.18;
2022.02.01 08:04:24;Buy Limit;0.05;EURGBP;0.83200;0.82700;0.83950;2022.02.01 20:12:01;0.83255;;;;cancelled
2022.01.31 10:27:59;Buy Limit;0.05;EURNZD;1.69100;1.68200;1.70950;2022.02.01 19:16:47;1.69720;;;;cancelled
2022.01.31 11:29:55;Buy Limit;0.04;GBPAUD;1.88750;1.88100;1.91600;2022.02.01 14:54:41;1.89940;;;;cancelled
2022.01.31 11:29:04;Buy Limit;0.03;GBPAUD;1.89350;1.88100;1.91600;2022.02.01 14:53:56;1.89946;;;;cancelled
2022.02.01 14:06:06;Sell Limit;0.05;AUDUSD;0.71500;0.72100;0.69300;2022.02.01 14:13:30;0.71062;;;;cancelled
2022.01.27 11:28:23;Sell Limit;0.10;USDJPY;115.650;115.800;114.500;2022.02.01 13:29:34;114.613;;;;cancelled
2022.02.01 06:49:28;Sell Limit;0.05;USDJPY;115.400;115.800;114.500;2022.02.01 13:29:32;114.614;;;;cancelled
2022.01.27 11:22:43;Sell;0.05;USDJPY;114.976;115.800;114.500;2022.02.01 13:05:08;114.751;;-0.42;9.80;
2022.01.31 13:26:09;Buy;0.05;EURGBP;0.83080;0.82950;0.83550;2022.01.31 17:56:09;0.83551;;;31.59;[tp]
2022.01.27 10:50:22;Buy;0.03;EURGBP;0.83400;0.82950;0.83550;2022.01.31 17:56:09;0.83551;;-0.44;6.07;[tp]
2022.01.25 19:17:01;Buy;0.03;EURGBP;0.83654;0.82950;0.83550;2022.01.31 17:56:09;0.83551;;-1.31;-4.15;[tp]
2022.01.31 11:54:29;Sell Limit;0.03;GBPJPY;155.550;156.400;153.500;2022.01.31 12:19:01;155.254;;;;cancelled
2022.01.21 10:10:50;Sell Limit;0.05;AUDJPY;81.420;83.400;80.900;2022.01.31 12:17:11;81.398;;;;cancelled
2022.01.31 10:39:14;Sell Limit;0.04;EURJPY;129.200;130.300;128.100;2022.01.31 10:57:03;128.982;;;;cancelled
2022.01.31 09:47:09;Buy Limit;0.04;EURAUD;1.58050;1.57000;1.60200;2022.01.31 10:51:57;1.58469;;;;cancelled
2022.01.31 10:05:26;Sell Limit;0.05;EURJPY;129.200;130.300;127.900;2022.01.31 10:36:54;129.052;;;;cancelled
2022.01.31 04:59:25;Sell;0.05;USDJPY;115.580;116.100;114.800;2022.01.31 09:12:22;115.412;;;7.28;
2022.01.28 10:10:36;Sell Limit;0.05;GBPJPY;156.000;156.300;153.600;2022.01.31 08:58:47;154.994;;;;cancelled
2022.01.28 10:10:10;Sell Limit;0.05;GBPJPY;155.550;156.300;153.600;2022.01.31 08:58:45;154.990;;;;cancelled
2022.01.27 14:56:31;Sell;0.05;USDJPY;115.330;116.100;114.750;2022.01.28 18:57:25;115.214;;-0.14;5.03;
2022.01.28 07:13:59;Buy;0.05;EURGBP;0.83170;0.82950;0.83550;2022.01.28 18:46:32;0.83200;;;2.01;
2022.01.28 09:44:46;Buy Limit;0.05;GBPUSD;1.33300;1.32900;1.34600;2022.01.28 10:14:31;1.33766;;;;cancelled
2022.01.27 14:22:13;Buy Limit;0.05;GBPUSD;1.33300;1.32900;1.34700;2022.01.28 09:35:38;1.33872;;;;cancelled
2022.01.25 11:16:08;Sell Limit;0.05;GBPJPY;156.000;156.300;153.600;2022.01.28 09:16:56;154.774;;;;cancelled
2022.01.25 11:12:59;Sell Limit;0.05;GBPJPY;155.550;156.300;153.600;2022.01.28 09:16:54;154.779;;;;cancelled
2022.01.27 14:20:43;Buy;0.05;GBPUSD;1.33978;1.32900;1.34700;2022.01.28 07:38:21;1.34090;;-0.16;5.60;
2022.01.24 16:15:57;Sell Limit;0.05;CHFJPY;125.050;125.300;123.500;2022.01.27 15:23:00;123.905;;;;cancelled
2022.01.25 20:15:17;Sell Limit;0.05;CHFJPY;124.650;125.300;123.500;2022.01.27 15:22:57;123.903;;;;cancelled
2022.01.25 09:56:51;Buy Limit;0.05;EURCAD;1.41050;1.40800;1.43100;2022.01.27 15:10:16;1.41513;;;;cancelled
2022.01.27 13:36:43;Buy;0.05;GBPUSD;1.33970;1.33750;1.34700;2022.01.27 13:49:08;1.33747;;;-11.15;[sl]
2022.01.27 09:53:27;Buy;0.10;EURUSD;1.12047;1.11600;1.12700;2022.01.27 13:41:29;1.11618;;;-42.90;
2022.01.27 13:06:03;Buy;0.05;GBPUSD;1.34033;1.33750;1.34700;2022.01.27 13:25:58;1.33951;;;-4.10;
2022.01.27 10:44:43;Buy Limit;0.05;GBPUSD;1.34050;1.33750;1.35050;2022.01.27 13:04:30;1.34065;;;;cancelled
2022.01.26 18:22:23;Buy Limit;0.05;EURCAD;1.41450;1.40800;1.43100;2022.01.27 11:58:51;1.41849;;;;cancelled
2022.01.27 11:30:26;Sell Limit;0.10;USDJPY;115.300;115.600;114.000;2022.01.27 11:33:40;115.022;;;;cancelled
2022.01.27 11:27:21;Sell Limit;0.05;USDJPY;115.300;115.950;114.000;2022.01.27 11:30:07;115.009;;;;cancelled
2022.01.25 08:48:44;Sell;0.10;GBPAUD;1.88710;1.90100;1.89100;2022.01.27 11:08:02;1.89434;;-1.15;-51.32;
2022.01.27 03:16:05;Sell;0.10;GBPAUD;1.89656;1.90100;1.89100;2022.01.27 11:07:59;1.89433;;;15.81;
2022.01.27 10:17:32;Buy Limit;0.05;GBPUSD;1.34000;1.33750;1.35050;2022.01.27 10:19:50;1.34135;;;;cancelled
2022.01.24 20:27:17;Buy Limit;0.05;GBPUSD;1.34050;1.33750;1.35400;2022.01.27 10:09:25;1.34169;;;;cancelled
2022.01.26 20:02:05;Buy;0.04;EURCAD;1.42157;1.40800;1.43100;2022.01.27 10:08:35;1.42452;;-0.92;9.28;
2022.01.26 16:20:08;Buy Limit;0.04;EURCAD;1.41450;1.40800;1.43100;2022.01.26 18:21:55;1.42105;;;;cancelled
2022.01.26 16:18:31;Buy;0.04;EURCAD;1.41958;1.40800;1.43100;2022.01.26 18:21:14;1.42104;;;4.63;
2022.01.26 15:27:36;Buy Limit;0.05;EURCAD;1.41450;1.40800;1.43100;2022.01.26 16:18:18;1.41970;;;;cancelled
2022.01.26 13:19:24;Buy Limit;0.05;EURCAD;1.41450;1.40800;1.44400;2022.01.26 15:15:46;1.41689;;;;cancelled
2022.01.25 09:56:29;Buy Limit;0.05;EURCAD;1.41450;1.40800;1.44400;2022.01.26 13:18:51;1.41810;;;;cancelled
2022.01.21 10:04:19;Sell Limit;0.05;CADJPY;90.850;91.800;89.700;2022.01.26 11:57:55;90.736;;;;cancelled
2022.01.25 21:22:49;Buy Limit;0.05;EURCAD;1.41850;1.40800;1.44400;2022.01.26 11:24:05;1.41953;;;;cancelled
2022.01.24 14:24:00;Sell Limit;0.05;CADCHF;0.73300;0.73550;0.72050;2022.01.25 20:32:02;0.72845;;;;cancelled
2022.01.24 14:23:05;Sell Limit;0.05;CADCHF;0.73000;0.73550;0.72050;2022.01.25 20:32:01;0.72845;;;;cancelled
2022.01.24 16:11:22;Sell;0.05;CHFJPY;124.454;125.300;123.500;2022.01.25 20:02:37;123.850;;0.01;26.53;
2022.01.24 16:17:30;Sell Limit;0.10;CHFJPY;125.600;125.800;123.500;2022.01.25 19:59:48;123.827;;;;cancelled
2022.01.25 09:55:11;Buy Limit;0.05;EURCAD;1.41800;1.40800;1.44400;2022.01.25 19:57:21;1.42559;;;;cancelled
2022.01.25 16:45:35;Sell;0.02;XAUUSD;1 845.77;1 850.00;1 825.00;2022.01.25 16:45:46;1 850.04;;;-8.54;[sl]
2022.01.24 18:04:59;Sell;0.02;XAUUSD;1 833.78;1 850.00;1 825.00;2022.01.25 16:45:46;1 850.02;;-0.07;-32.48;[sl]
2022.01.21 20:48:01;Sell Limit;0.05;GBPJPY;155.100;156.300;153.050;2022.01.25 11:42:28;153.816;;;;cancelled
2022.01.21 20:47:30;Sell Limit;0.05;GBPJPY;154.600;156.300;150.800;2022.01.25 10:40:13;153.605;;;;cancelled
2022.01.24 13:50:42;Sell;0.05;GBPAUD;1.89169;1.90100;1.88030;2022.01.25 02:30:00;1.87969;;-0.14;43.06;[tp]
2022.01.24 13:53:06;Sell Limit;0.05;GBPAUD;1.89830;1.90100;1.88100;2022.01.24 18:24:17;1.89326;;;;cancelled
2022.01.21 10:04:37;Sell Limit;0.05;CADJPY;91.650;91.800;89.700;2022.01.24 15:46:41;90.006;;;;cancelled
2022.01.21 14:26:09;Sell;0.05;CADJPY;90.814;91.800;89.700;2022.01.24 15:40:18;90.012;;-0.11;35.25;
2022.01.17 03:39:52;Buy;0.05;NZDUSD;0.67900;0.66850;0.68500;2022.01.24 12:34:26;0.66921;;-0.06;-48.95;
2022.01.17 03:39:52;Buy;0.05;NZDUSD;0.67900;0.66850;0.68500;2022.01.24 12:26:55;0.66912;;-0.06;-49.40;
2022.01.20 07:13:58;Buy;0.05;NZDUSD;0.67597;0.66850;0.68500;2022.01.24 12:26:53;0.66914;;-0.02;-34.15;
2022.01.21 15:31:37;Buy;0.05;NZDUSD;0.67246;0.66850;0.68500;2022.01.24 12:26:51;0.66913;;-0.01;-16.65;
2022.01.14 19:22:21;Buy;0.05;AUDUSD;0.72148;0.70700;0.72250;2022.01.24 12:25:37;0.71384;;-0.79;-38.20;
2022.01.14 15:46:30;Buy Limit;0.05;AUDUSD;0.71250;0.70700;0.72250;2022.01.24 12:25:35;0.71396;;;;cancelled
2022.01.21 12:00:49;Buy Limit;0.05;EURUSD;1.12900;1.12600;1.14300;2022.01.24 12:07:54;1.13265;;;;cancelled
2022.01.21 14:47:24;Buy Limit;0.05;EURUSD;1.13100;1.12600;1.14300;2022.01.24 12:07:52;1.13267;;;;cancelled
2022.01.19 10:37:42;Sell Limit;0.05;GBPJPY;156.350;157.600;154.400;2022.01.21 20:48:22;154.186;;;;cancelled
2022.01.19 10:38:29;Sell Limit;0.05;GBPJPY;156.850;157.600;154.400;2022.01.21 20:47:42;154.175;;;;cancelled
2022.01.19 10:39:00;Sell Limit;0.05;GBPJPY;157.300;157.600;154.400;2022.01.21 20:47:39;154.175;;;;cancelled
2022.01.18 18:47:45;Buy Limit;0.10;NZDUSD;0.67100;0.66850;0.68000;2022.01.21 15:31:24;0.67249;;;;cancelled
2022.01.18 18:51:16;Buy Limit;0.05;EURUSD;1.13100;1.12600;1.14300;2022.01.21 14:35:35;1.13396;;;;cancelled
2022.01.20 12:57:07;Buy;0.05;EURUSD;1.13479;1.12600;1.13900;2022.01.21 11:48:49;1.13413;;-0.26;-3.30;
2022.01.18 18:29:20;Buy;0.04;EURUSD;1.13330;1.12600;1.13900;2022.01.21 11:48:47;1.13413;;-1.04;3.32;
2022.01.20 17:44:22;Sell Limit;0.10;AUDJPY;83.440;83.800;81.700;2022.01.21 10:10:29;81.985;;;;cancelled
2022.01.13 13:45:23;Sell Limit;0.06;CADJPY;92.200;92.600;91.050;2022.01.21 09:31:06;91.009;;;;cancelled
2022.01.19 17:18:15;Sell Limit;0.05;NZDJPY;78.500;79.050;77.100;2022.01.21 09:30:21;76.636;;;;cancelled
2022.01.12 14:43:02;Sell Limit;0.05;NZDJPY;78.080;79.050;77.100;2022.01.21 09:30:20;76.637;;;;cancelled
2022.01.18 20:51:36;Sell Limit;0.05;EURJPY;131.300;131.600;129.600;2022.01.21 09:21:05;129.042;;;;cancelled
2022.01.18 18:17:19;Sell Limit;0.05;EURJPY;130.920;131.600;129.600;2022.01.21 09:21:03;129.036;;;;cancelled
2022.01.18 15:03:45;Sell Limit;0.05;EURJPY;130.600;131.600;129.600;2022.01.21 09:21:01;129.037;;;;cancelled
2022.01.19 17:29:06;Sell;0.05;AUDJPY;82.586;83.800;81.700;2022.01.21 05:38:54;81.697;;-0.52;39.12;[tp]
2022.01.17 13:16:06;Sell;0.05;CADJPY;91.531;92.600;91.050;2022.01.21 01:16:12;91.042;;-0.66;21.47;[tp]
2022.01.17 08:50:39;Sell;0.04;CADJPY;91.304;92.600;91.050;2022.01.21 01:16:12;91.042;;-0.53;9.21;[tp]
2022.01.17 14:52:26;Sell Limit;0.05;AUDJPY;83.400;83.800;81.700;2022.01.20 17:44:04;82.933;;;;cancelled
2022.01.17 13:48:34;Sell Limit;0.05;AUDJPY;83.400;83.800;81.700;2022.01.20 17:44:02;82.932;;;;cancelled
2022.01.20 13:49:29;Buy Limit;0.05;EURAUD;1.55850;1.55500;1.57400;2022.01.20 17:32:13;1.56046;;;;cancelled
2022.01.20 13:48:55;Buy Limit;0.05;EURAUD;1.55800;1.55500;1.57400;2022.01.20 15:34:26;1.56504;;;;cancelled
2022.01.14 20:46:13;Sell Limit;0.05;GBPAUD;1.91250;1.91800;1.88400;2022.01.20 13:51:51;1.88013;;;;cancelled
2022.01.18 12:21:31;Sell Limit;0.05;GBPAUD;1.90500;1.91800;1.88400;2022.01.20 13:51:49;1.88012;;;;cancelled
2022.01.20 13:14:18;Buy Limit;0.05;EURAUD;1.55800;1.55500;1.57400;2022.01.20 13:37:14;1.56588;;;;cancelled
2022.01.19 19:35:10;Buy Limit;0.05;EURAUD;1.56100;1.55500;1.57400;2022.01.20 13:37:11;1.56587;;;;cancelled
2022.01.18 18:51:41;Buy Limit;0.05;EURUSD;1.12860;1.12600;1.14700;2022.01.20 12:57:51;1.13479;;;;cancelled
2022.01.19 09:08:34;Sell;0.05;NZDJPY;77.540;78.900;77.100;2022.01.20 12:11:35;77.466;;-0.88;3.23;
2022.01.17 16:11:14;Sell;0.04;NZDJPY;77.913;78.900;77.100;2022.01.20 12:11:32;77.469;;-1.16;15.53;
2022.01.17 16:14:20;Sell Limit;0.10;NZDJPY;78.800;78.950;77.100;2022.01.18 19:06:15;77.486;;;;cancelled
2022.01.17 13:44:39;Sell;0.05;AUDJPY;82.671;83.800;81.400;2022.01.18 18:56:16;82.375;;-0.13;12.91;
2022.01.18 13:28:28;Sell Limit;0.05;GBPNZD;2.01450;2.01700;1.99800;2022.01.18 18:33:24;2.00879;;;;cancelled
2022.01.18 15:38:47;Buy Limit;0.08;EURUSD;1.12900;1.12600;1.15400;2022.01.18 18:23:07;1.13338;;;;cancelled
2022.01.18 15:35:13;Buy Limit;0.03;EURUSD;1.13150;1.12600;1.15400;2022.01.18 18:23:05;1.13339;;;;cancelled
2022.01.18 17:55:02;Buy;0.03;EURUSD;1.13459;1.12600;1.15400;2022.01.18 18:23:03;1.13326;;;-3.99;
2022.01.18 15:00:38;Sell;0.03;EURJPY;130.480;131.600;129.950;2022.01.18 17:54:44;129.949;;;13.91;[tp]
2022.01.18 15:35:35;Buy Limit;0.04;EURUSD;1.12950;1.12600;1.15400;2022.01.18 15:38:25;1.13788;;;;cancelled
2022.01.10 16:58:28;Buy Limit;0.10;EURUSD;1.13100;1.12600;1.15500;2022.01.18 15:24:42;1.13688;;;;cancelled
2022.01.12 09:06:37;Buy Limit;0.05;EURUSD;1.13600;1.12600;1.15500;2022.01.18 15:24:40;1.13690;;;;cancelled
2022.01.18 13:20:02;Buy Limit;0.03;GBPUSD;1.35450;1.35100;1.37200;2022.01.18 13:58:38;1.36046;;;;cancelled
2022.01.18 13:19:36;Buy Limit;0.03;GBPUSD;1.35850;1.35100;1.37200;2022.01.18 13:58:35;1.36048;;;;cancelled
2022.01.18 12:17:01;Sell;0.04;GBPNZD;2.01059;2.01700;1.99800;2022.01.18 13:26:03;2.00946;;;3.07;
2022.01.13 09:42:06;Buy Limit;0.07;GBPUSD;1.35300;1.35100;1.37300;2022.01.18 13:02:20;1.36128;;;;cancelled
2022.01.13 13:50:56;Buy Limit;0.05;GBPUSD;1.35460;1.35100;1.37300;2022.01.18 13:02:18;1.36127;;;;cancelled
2022.01.13 13:50:34;Buy Limit;0.05;GBPUSD;1.35700;1.35100;1.37300;2022.01.18 13:02:16;1.36127;;;;cancelled
2022.01.18 10:08:50;Buy Limit;0.05;AUDUSD;0.71400;0.71200;0.72900;2022.01.18 12:12:31;0.71914;;;;cancelled
2022.01.14 15:20:06;Sell;0.05;GBPNZD;2.00491;2.01600;1.99800;2022.01.18 10:54:09;2.01535;;-0.28;-35.33;
2022.01.18 05:43:31;Sell;0.05;GBPNZD;2.01270;2.01600;1.99800;2022.01.18 10:54:07;2.01533;;;-8.90;
2022.01.10 13:35:57;Buy Limit;0.05;EURAUD;1.55800;1.55450;1.58500;2022.01.18 10:30:12;1.58515;;;;cancelled
2022.01.13 15:09:42;Buy Limit;0.05;EURAUD;1.56150;1.55450;1.58500;2022.01.18 10:30:10;1.58521;;;;cancelled
2022.01.10 13:35:25;Buy Limit;0.05;EURAUD;1.56150;1.55450;1.58500;2022.01.18 10:30:08;1.58515;;;;cancelled
2022.01.17 18:17:16;Sell Limit;0.05;GBPAUD;1.90500;1.91800;1.88400;2022.01.18 09:21:07;1.89500;;;;cancelled
2022.01.11 10:47:08;Sell Limit;0.05;CHFJPY;126.500;126.800;124.300;2022.01.18 08:48:41;125.582;;;;cancelled
2022.01.18 08:46:56;Sell Limit;0.03;CHFJPY;125.950;126.800;124.300;2022.01.18 08:48:39;125.583;;;;cancelled
2022.01.11 10:46:42;Sell Limit;0.05;CHFJPY;125.950;126.800;123.500;2022.01.18 08:45:29;125.525;;;;cancelled
2022.01.06 17:45:22;Buy Limit;0.10;NZDUSD;0.67600;0.67200;0.68850;2022.01.18 08:43:25;0.67782;;;;cancelled
2022.01.17 03:40:07;Sell;0.05;GBPNZD;2.01299;2.01600;1.99800;2022.01.17 19:05:03;2.00900;;;13.57;
2022.01.14 20:44:48;Sell Limit;0.05;GBPAUD;1.90500;1.91800;1.88400;2022.01.17 17:56:16;1.89337;;;;cancelled
2022.01.06 17:42:46;Buy Limit;0.05;AUDUSD;0.71600;0.71400;0.77330;2022.01.17 16:43:51;0.72175;;;;cancelled
2022.01.06 17:21:46;Buy Limit;0.05;AUDUSD;0.71750;0.71400;0.73300;2022.01.17 16:16:52;0.72139;;;;cancelled
2022.01.12 14:42:46;Sell Limit;0.05;NZDJPY;78.150;78.950;77.200;2022.01.17 16:09:19;77.890;;;;cancelled
2022.01.17 12:37:27;Sell Limit;0.05;GBPAUD;1.89800;1.91800;1.88400;2022.01.17 14:53:42;1.89088;;;;cancelled
2022.01.14 15:21:44;Sell;0.05;GBPAUD;1.89176;1.91800;1.88400;2022.01.17 14:21:03;1.89118;;-0.14;2.09;
2022.01.13 14:30:17;Sell Limit;0.05;AUDJPY;83.900;84.400;82.650;2022.01.17 13:44:44;82.669;;;;cancelled
2022.01.13 14:29:57;Sell Limit;0.05;AUDJPY;83.400;84.400;82.650;2022.01.17 13:43:06;82.662;;;;cancelled
2022.01.14 21:17:58;Sell Limit;0.04;CADJPY;91.670;92.600;90.050;2022.01.17 13:15:43;91.526;;;;cancelled
2022.01.14 19:45:03;Sell;0.05;GBPAUD;1.89550;1.91800;1.88600;2022.01.17 12:19:56;1.89492;;-0.14;2.09;
2022.01.14 21:34:06;Sell Limit;0.05;WTI.fs;84.80;85.80;81.60;2022.01.17 07:58:01;83.53;;;;cancelled
2022.01.14 22:45:13;Sell;0.05;WTI.fs;84.25;85.80;81.60;2022.01.17 07:31:26;83.62;;-23.00;31.50;
2022.01.13 16:45:01;Sell Limit;0.05;WTI.fs;84.20;85.60;81.60;2022.01.14 21:33:10;83.97;;;;cancelled
2022.01.13 13:45:04;Sell;0.04;CADJPY;91.760;92.600;90.050;2022.01.14 20:52:27;90.861;;-0.12;31.50;
2022.01.14 19:04:36;Buy Limit;0.05;EURGBP;0.83350;0.83150;0.83900;2022.01.14 20:48:07;0.83479;;;;cancelled
2022.01.13 14:05:13;Buy Limit;0.02;EURGBP;0.83350;0.83150;0.83900;2022.01.14 19:04:16;0.83492;;;;cancelled
2022.01.13 14:03:54;Buy Limit;0.03;EURGBP;0.83350;0.83150;0.83900;2022.01.14 19:04:14;0.83491;;;;cancelled
2022.01.13 14:02:26;Buy;0.03;EURGBP;0.83520;0.83150;0.83900;2022.01.14 18:03:15;0.83563;;-0.22;1.77;
2022.01.14 09:52:28;Sell Limit;0.05;GBPNZD;2.00600;2.01500;1.98800;2022.01.14 15:19:55;2.00484;;;;cancelled
2022.01.10 20:12:06;Buy Limit;0.10;EURJPY;129.150;128.900;131.250;2022.01.14 08:58:48;130.508;;;;cancelled
2022.01.10 20:11:41;Buy Limit;0.05;EURJPY;129.480;128.900;131.250;2022.01.14 08:58:45;130.508;;;;cancelled
2022.01.10 20:11:24;Buy Limit;0.05;EURJPY;129.900;128.900;131.250;2022.01.14 08:58:43;130.508;;;;cancelled
2022.01.05 16:32:13;Sell Limit;0.10;USDJPY;116.150;116.500;114.500;2022.01.13 14:30:30;114.418;;;;cancelled
2022.01.05 16:21:43;Sell Limit;0.05;USDJPY;115.800;116.500;114.500;2022.01.13 14:30:28;114.417;;;;cancelled
2022.01.13 09:41:35;Buy Limit;0.04;GBPUSD;1.35950;1.35100;1.37850;2022.01.13 13:50:41;1.37445;;;;cancelled
2022.01.13 09:41:11;Buy Limit;0.04;GBPUSD;1.36400;1.35100;1.37850;2022.01.13 13:50:14;1.37440;;;;cancelled
2022.01.10 17:21:17;Buy Limit;0.04;GBPUSD;1.35950;1.35500;1.37850;2022.01.13 09:40:54;1.37294;;;;cancelled
2022.01.11 16:41:46;Buy Limit;0.03;GBPUSD;1.36400;1.35500;1.37850;2022.01.13 09:40:53;1.37296;;;;cancelled
2022.01.11 16:42:33;Buy Limit;0.02;GBPUSD;1.34450;1.34100;1.36400;2022.01.13 09:36:52;1.37282;;;;cancelled
2022.01.11 16:41:08;Buy Limit;0.03;GBPUSD;1.34450;1.34100;1.36400;2022.01.13 09:36:49;1.37283;;;;cancelled
2022.01.11 22:14:13;Buy;0.05;NZDUSD;0.67844;0.66850;0.68400;2022.01.12 17:17:10;0.68400;;-0.01;27.80;[tp]
2022.01.11 22:11:43;Buy;0.05;AUDUSD;0.72108;0.70750;0.72550;2022.01.12 16:26:01;0.72554;;-0.10;22.30;[tp]
2022.01.11 16:16:11;Buy Limit;0.03;EURGBP;0.83180;0.83050;0.83600;2022.01.11 19:16:49;0.83395;;;;cancelled
2022.01.11 16:12:06;Buy;0.03;EURGBP;0.83456;0.83050;0.83600;2022.01.11 19:16:47;0.83381;;;-3.07;
2022.01.10 17:31:25;Buy;0.05;AUDUSD;0.71563;0.70750;0.72550;2022.01.11 19:16:36;0.71993;;-0.10;21.50;
2022.01.10 16:10:33;Buy;0.05;NZDUSD;0.67480;0.66850;0.68400;2022.01.11 19:16:29;0.67744;;-0.01;13.20;
2022.01.06 17:09:07;Buy;0.04;AUDUSD;0.71532;0.70750;0.72550;2022.01.11 19:16:22;0.71992;;-0.24;18.40;
2022.01.10 16:02:35;Buy;0.05;EURUSD;1.12950;1.12100;1.14300;2022.01.11 19:16:04;1.13567;;-0.26;30.85;
2022.01.10 13:25:21;Buy;0.05;EURUSD;1.13343;1.12100;1.14300;2022.01.11 19:16:00;1.13577;;-0.26;11.70;
2022.01.10 17:22:16;Buy Limit;0.10;GBPUSD;1.34450;1.34100;1.36400;2022.01.11 16:41:22;1.35771;;;;cancelled
2022.01.10 17:19:54;Buy;0.03;GBPUSD;1.35398;1.34100;1.36400;2022.01.11 16:36:34;1.35748;;-0.10;10.50;
2022.01.06 09:18:43;Buy Limit;0.05;CADJPY;89.980;89.100;91.450;2022.01.11 14:32:50;91.334;;;;cancelled
2022.01.06 12:48:15;Buy Limit;0.05;CADJPY;90.350;89.100;91.450;2022.01.11 14:32:47;91.334;;;;cancelled
2022.01.06 19:32:24;Buy Limit;0.01;AUDUSD;0.71400;0.70750;0.72550;2022.01.10 17:31:07;0.71557;;;;cancelled
2022.01.06 17:11:12;Buy Limit;0.04;AUDUSD;0.71400;0.70750;0.72550;2022.01.10 17:31:05;0.71557;;;;cancelled
2022.01.10 13:06:56;Buy Limit;0.05;NZDUSD;0.67400;0.66850;0.68300;2022.01.10 16:10:15;0.67480;;;;cancelled
2022.01.05 16:21:24;Sell;0.05;USDJPY;115.677;117.100;115.350;2022.01.10 13:41:16;115.346;;-0.70;14.35;[tp]
2022.01.06 17:28:41;Buy;0.04;NZDUSD;0.67429;0.66850;0.68300;2022.01.10 13:03:08;0.67723;;-0.02;11.76;
2022.01.05 15:13:02;Buy;0.04;CADJPY;91.015;89.100;91.300;2022.01.06 19:24:17;91.062;;-0.16;1.62;
2022.01.06 17:29:04;Buy Limit;0.06;NZDUSD;0.67000;0.66850;0.68400;2022.01.06 17:44:58;0.67469;;;;cancelled
2022.01.06 10:22:53;Buy;0.05;CADJPY;90.400;89.100;91.480;2022.01.06 12:44:47;90.775;;;16.18;
2022.01.06 09:16:16;Buy Limit;0.04;CADJPY;90.400;89.100;91.480;2022.01.06 09:17:38;90.538;;;;cancelled
2022.01.05 15:13:24;Buy Limit;0.06;CADJPY;90.400;89.100;91.500;2022.01.06 09:15:58;90.537;;;;cancelled
2022.01.05 18:22:55;Buy Limit;0.05;GBPAUD;1.85950;1.85700;1.88350;2022.01.06 09:00:08;1.88712;;;;cancelled
2022.01.05 18:22:31;Buy Limit;0.04;GBPAUD;1.86300;1.85700;1.88350;2022.01.06 09:00:05;1.88713;;;;cancelled
2022.01.05 18:22:05;Buy;0.03;GBPAUD;1.86777;1.85700;1.88350;2022.01.06 06:17:34;1.88358;;-0.45;34.08;[tp]
2022.01.05 08:25:18;Balance;;;;;;;;;;885.00;
2022.01.04 16:31:19;Balance;;;;;;;;;;115.00;
